amount,nameOrig,oldbalanceOrg,newbalanceOrig,nameDest,oldbalanceDest,newbalanceDest,type,isFraud
261149.31,C6675780828,1476.45,0.0,M3750823656,2323.84,263473.16,TRANSFER,1
248327.3,C2644658402,3344.21,0.0,M5173471662,6659.22,254986.52,CASH_OUT,1
399043.75,C7629509069,2513.6,0.0,M4893268071,2322.13,401365.88,TRANSFER,1
185185.66,C7828644449,681.86,0.0,M6979642653,145.45,185331.11,CASH_OUT,1
721.93,C4735252833,785.83,63.9,M3028197047,371.67,1093.61,DEBIT,0
1903.47,C8485619008,2741.96,838.49,M6888885225,4025.45,5928.92,PAYMENT,0
379102.51,C6335342459,30.44,0.0,M8344866777,1009.41,380111.92,CASH_OUT,1
601.61,C6443450269,693.68,92.07,M1064899873,2995.22,3596.83,DEBIT,0
219758.24,C9407175224,1793.58,0.0,M5333034798,8044.37,227802.61,CASH_OUT,1
453397.61,C3374107437,3738.59,0.0,M3457977438,9530.72,462928.33,TRANSFER,1
277.52,C9706356798,745.24,467.72,M5340121248,3029.48,3307.01,DEBIT,0
1606.78,C3185683369,1948.02,341.24,M4699881038,2220.92,3827.7,PAYMENT,0
346005.19,C9770113725,3873.17,0.0,M8725418644,6439.04,352444.23,CASH_OUT,1
106951.92,C6766652822,1615.65,0.0,M1616509747,9730.98,116682.89,TRANSFER,1
474.91,C4960919006,884.47,409.56,M6926729720,3900.42,4375.33,PAYMENT,0
423553.38,C6381844991,382.08,0.0,M4543915803,2793.68,426347.06,CASH_OUT,1
145.54,C2912920566,363.71,218.17,M1062565460,4676.89,4822.43,DEBIT,0
778.87,C8150338827,1046.13,267.26,M3886302899,2107.56,2886.43,DEBIT,0
269075.65,C1514661654,4109.03,0.0,M4166164947,12.37,269088.01,CASH_OUT,1
325776.44,C3660722590,958.91,0.0,M2848284118,2117.55,327893.99,CASH_OUT,1
169349.44,C5219284003,4483.83,0.0,M7003744065,802.34,170151.78,TRANSFER,1
989.8,C9318168619,1690.67,700.87,M3214813933,4277.76,5267.56,DEBIT,0
463688.08,C5142395698,2693.51,0.0,M3480744611,4978.13,468666.21,CASH_OUT,1
1585.01,C6531193290,2187.48,602.47,M1580164802,2558.19,4143.21,PAYMENT,0
1309.42,C5472899567,1889.04,579.62,M7401255852,111.09,1420.51,PAYMENT,0
344.56,C5063841762,856.82,512.26,M9806069940,2436.87,2781.43,PAYMENT,0
1783.37,C1415299975,2243.72,460.36,M4094338139,3548.36,5331.73,DEBIT,0
150.11,C9470016249,505.04,354.93,M1925620678,2515.9,2666.0,DEBIT,0
1355.96,C9594711007,2035.59,679.63,M2168035962,4729.62,6085.58,PAYMENT,0
193484.83,C6725199618,2700.06,0.0,M8170391877,8800.79,202285.62,CASH_OUT,1
159271.17,C4088768255,3397.75,0.0,M8901278066,2248.9,161520.07,CASH_OUT,1
739.44,C1521288433,1112.79,373.35,M9529522307,757.05,1496.49,DEBIT,0
973.85,C7353373701,987.21,13.37,M4191510887,2048.7,3022.54,PAYMENT,0
950.43,C8275144322,1827.83,877.41,M5980584757,201.41,1151.83,DEBIT,0
142.26,C8743834918,908.78,766.52,M8516097436,2918.57,3060.83,PAYMENT,0
455463.63,C5603242035,2515.42,0.0,M6334055949,4493.5,459957.13,CASH_OUT,1
328819.46,C2705166600,2563.34,0.0,M3650280488,2934.89,331754.35,CASH_OUT,1
340976.37,C1487326758,2768.52,0.0,M4998310068,2127.28,343103.65,TRANSFER,1
320.4,C6633664919,798.9,478.5,M9603424683,3902.78,4223.18,DEBIT,0
117666.18,C3032421973,2941.32,0.0,M6638668678,9993.53,127659.71,CASH_OUT,1
1172.8,C4165663699,1681.32,508.53,M5596050853,1592.26,2765.06,DEBIT,0
1931.56,C8216621733,2273.13,341.57,M1685761730,1692.53,3624.1,PAYMENT,0
470800.39,C5677753809,2699.79,0.0,M4547933455,8420.33,479220.72,TRANSFER,1
1901.98,C1161345712,2310.68,408.7,M4080270858,2333.42,4235.4,PAYMENT,0
384380.99,C8592555149,997.53,0.0,M3173699965,7362.47,391743.46,CASH_OUT,1
1071.17,C3270854109,1707.93,636.76,M4547289567,3741.16,4812.33,PAYMENT,0
1766.06,C7494370996,1969.57,203.51,M5040233576,4366.81,6132.86,PAYMENT,0
541.48,C9668425413,1076.14,534.66,M9555098951,4293.81,4835.29,PAYMENT,0
240.25,C1592212728,267.5,27.25,M9150746537,2617.93,2858.18,DEBIT,0
410138.46,C5869755729,1357.05,0.0,M9823288906,4966.95,415105.41,CASH_OUT,1
1652.95,C3843748626,1712.96,60.01,M4919584321,1881.15,3534.1,DEBIT,0
291151.38,C8846110561,2661.29,0.0,M3179465556,1683.37,292834.75,TRANSFER,1
670.9,C9779086574,1599.0,928.1,M3784151970,4224.31,4895.21,PAYMENT,0
642.79,C7299549212,1222.52,579.73,M9919456608,1728.12,2370.91,PAYMENT,0
1383.35,C6440744606,2220.79,837.45,M5752002358,1614.95,2998.29,DEBIT,0
1851.32,C9463467845,2719.29,867.97,M3400685880,2498.42,4349.74,PAYMENT,0
1285.76,C2525933037,1597.41,311.65,M8226332860,2626.59,3912.35,PAYMENT,0
833.15,C5161685277,1125.97,292.81,M8264085782,1875.5,2708.65,PAYMENT,0
1213.1,C8615697239,1740.86,527.76,M1456408586,2787.2,4000.31,DEBIT,0
349990.39,C6557879552,1888.63,0.0,M8361828210,8365.65,358356.04,TRANSFER,1
266319.0,C4419827299,3598.27,0.0,M4238504278,3711.62,270030.62,CASH_OUT,1
266626.33,C2305423164,2612.55,0.0,M8427479342,546.34,267172.68,CASH_OUT,1
1388.1,C2150805345,1631.63,243.53,M7529186119,4658.3,6046.4,PAYMENT,0
438.39,C2739466484,1249.49,811.1,M5677261196,986.21,1424.6,DEBIT,0
1914.7,C7550037035,2341.8,427.11,M4037739788,2375.5,4290.2,DEBIT,0
1585.86,C4038372705,2397.44,811.57,M8352030292,2411.37,3997.23,PAYMENT,0
991.88,C5304946250,1903.51,911.63,M9520918497,4640.07,5631.95,PAYMENT,0
528.72,C7504993347,621.25,92.53,M4044978354,1997.16,2525.88,PAYMENT,0
149188.32,C6068106212,1155.65,0.0,M1380343354,516.97,149705.29,TRANSFER,1
707.54,C6229841642,1080.07,372.53,M8136879677,343.57,1051.1,DEBIT,0
1904.92,C1440302693,1947.34,42.42,M3206988096,1326.63,3231.55,DEBIT,0
118778.14,C8734246916,1920.45,0.0,M3704875573,367.32,119145.46,CASH_OUT,1
259028.81,C1897955761,2588.76,0.0,M8283338537,8377.1,267405.91,TRANSFER,1
487102.35,C6667925878,4284.37,0.0,M4114648221,1176.44,488278.79,TRANSFER,1
1965.89,C8307300839,2502.36,536.47,M1061731354,2513.15,4479.04,PAYMENT,0
307909.58,C2068219667,1685.02,0.0,M1717439551,8288.83,316198.41,TRANSFER,1
435.85,C9649472014,719.13,283.28,M4430200456,2001.56,2437.41,PAYMENT,0
292533.35,C3264447025,4488.37,0.0,M5762660520,6743.49,299276.84,TRANSFER,1
226478.63,C9159009567,2941.53,0.0,M7613309280,6829.82,233308.45,CASH_OUT,1
186.66,C6323052903,1051.65,864.99,M5874695465,1603.1,1789.76,DEBIT,0
224859.22,C2018026902,1995.23,0.0,M6716126287,8579.86,233439.09,TRANSFER,1
302355.47,C4962104695,3057.27,0.0,M4037566791,181.1,302536.57,CASH_OUT,1
31.0,C9749800594,122.42,91.43,M3890991226,2784.19,2815.19,PAYMENT,0
505.53,C4213425438,1082.23,576.7,M4685181897,336.28,841.81,DEBIT,0
306344.76,C2628196516,1337.96,0.0,M6743855383,8354.8,314699.56,CASH_OUT,1
1867.83,C9711176169,2800.43,932.6,M6835811574,626.15,2493.98,PAYMENT,0
148704.76,C5022018590,2391.17,0.0,M9057810451,5061.08,153765.84,TRANSFER,1
1603.6,C1827601942,2235.72,632.12,M4084223478,2517.57,4121.16,PAYMENT,0
646.92,C6287015888,1068.69,421.77,M8952085490,1148.58,1795.5,PAYMENT,0
412993.97,C5339753922,1139.21,0.0,M2096992547,9759.91,422753.88,TRANSFER,1
1931.62,C4132361740,2325.18,393.56,M7764833638,653.59,2585.21,DEBIT,0
1086.25,C8270857482,1904.61,818.36,M8299416614,858.39,1944.64,DEBIT,0
418.75,C8445268870,800.19,381.44,M8649319126,4910.25,5329.0,DEBIT,0
522.69,C5275302822,972.63,449.94,M6529818484,3464.54,3987.23,PAYMENT,0
302.37,C7376042113,645.02,342.65,M8747283039,4323.29,4625.67,PAYMENT,0
263.86,C9326501964,672.95,409.09,M3817083284,1771.89,2035.75,PAYMENT,0
419942.1,C3326301223,2126.07,0.0,M8015735532,224.69,420166.8,CASH_OUT,1
1351.29,C1183565184,2195.61,844.31,M1509643461,4579.04,5930.33,PAYMENT,0
642.9,C9215416888,1567.54,924.64,M7641767837,281.12,924.02,DEBIT,0
688.51,C4997206899,1686.19,997.67,M9695781472,1317.76,2006.27,DEBIT,0
1733.54,C7131007617,2022.98,289.44,M6713529147,2338.41,4071.95,DEBIT,0
467101.0,C2604211883,2122.64,0.0,M5777310766,870.39,467971.39,CASH_OUT,1
1319.53,C5757166699,1327.59,8.06,M6366574862,4715.87,6035.4,PAYMENT,0
356349.9,C1825875065,909.4,0.0,M9765463954,3456.67,359806.57,TRANSFER,1
508.18,C9154715698,1339.9,831.72,M9289010264,2316.0,2824.17,DEBIT,0
412150.45,C1980263400,2289.98,0.0,M2059154529,3980.05,416130.5,CASH_OUT,1
945.13,C6840271139,1447.62,502.49,M6613403225,1003.85,1948.99,DEBIT,0
1454.19,C3139067209,2071.44,617.25,M8485376282,3697.04,5151.24,DEBIT,0
114168.95,C9611762213,1645.26,0.0,M1209523887,9315.89,123484.84,TRANSFER,1
972.26,C2164547123,1192.35,220.09,M8560552146,1269.92,2242.19,DEBIT,0
940.1,C1421098090,1225.68,285.58,M3262662512,4808.06,5748.16,DEBIT,0
405243.35,C2096544135,4115.8,0.0,M2269998959,8888.87,414132.22,CASH_OUT,1
257876.59,C6835343510,4221.07,0.0,M6386591870,9300.17,267176.76,CASH_OUT,1
434392.05,C5966859264,3479.87,0.0,M8364133423,4089.53,438481.58,CASH_OUT,1
977.4,C3010341286,1898.14,920.74,M3002740720,200.3,1177.7,DEBIT,0
487641.05,C1746874428,4418.93,0.0,M8284353085,9277.52,496918.57,CASH_OUT,1
275734.6,C5893391332,1008.6,0.0,M3318599822,8957.64,284692.24,TRANSFER,1
120.65,C9141380435,127.53,6.88,M6113630296,1062.24,1182.89,PAYMENT,0
108.83,C8184432247,732.35,623.52,M2208391736,315.53,424.36,PAYMENT,0
1548.64,C5456877763,2220.22,671.59,M7710583046,158.61,1707.25,DEBIT,0
1178.0,C8333214281,1758.95,580.95,M2671732138,4953.4,6131.4,PAYMENT,0
293.69,C9607919547,675.83,382.14,M2784314087,2773.66,3067.35,DEBIT,0
913.31,C4685970101,1420.31,507.0,M1732726265,2860.86,3774.17,DEBIT,0
257790.51,C5103131240,2297.23,0.0,M3955516032,7850.17,265640.68,TRANSFER,1
657.34,C2593179517,1369.96,712.62,M6983727828,4083.9,4741.23,DEBIT,0
404435.32,C3666782085,1771.34,0.0,M9283532861,9490.71,413926.03,CASH_OUT,1
455.61,C4167151602,818.88,363.27,M3306574889,2193.24,2648.85,PAYMENT,0
402654.32,C6696988826,1293.44,0.0,M3404513000,1931.33,404585.65,TRANSFER,1
341260.84,C7339588193,1226.75,0.0,M8441340484,3892.96,345153.8,CASH_OUT,1
224688.83,C8569702409,1242.45,0.0,M4765679738,7439.46,232128.29,CASH_OUT,1
1912.13,C1239259011,2148.84,236.72,M5849979288,4413.08,6325.21,DEBIT,0
1334.08,C2845216158,1834.79,500.71,M1554800010,3224.31,4558.38,PAYMENT,0
196.33,C7535702410,1151.39,955.06,M6423125225,3054.63,3250.96,PAYMENT,0
280247.86,C2903843414,4412.3,0.0,M1205431815,1056.93,281304.8,CASH_OUT,1
715.79,C2603989648,1266.45,550.66,M5749694016,2016.04,2731.82,DEBIT,0
1641.02,C7627126522,2465.88,824.85,M1053004410,3938.71,5579.73,PAYMENT,0
662.4,C2104075854,1034.48,372.08,M9242935731,3799.12,4461.52,PAYMENT,0
286280.05,C9731009978,2404.18,0.0,M5440477172,9184.55,295464.6,CASH_OUT,1
554.54,C8827067704,1042.38,487.83,M9834656361,411.36,965.91,PAYMENT,0
675.04,C4576040338,1405.91,730.87,M5551021744,2100.06,2775.1,PAYMENT,0
1237.26,C6799059197,2098.06,860.8,M4800221213,1730.98,2968.24,DEBIT,0
646.29,C1105733417,703.41,57.12,M1899605667,688.15,1334.44,PAYMENT,0
180343.64,C5086876007,3465.97,0.0,M7849513480,8214.41,188558.04,CASH_OUT,1
1508.17,C1995750782,2241.03,732.86,M4030368768,4380.96,5889.13,PAYMENT,0
316.3,C9133101486,1293.33,977.03,M5280216899,2723.86,3040.16,DEBIT,0
485447.99,C2361169663,4265.05,0.0,M7686410520,2944.49,488392.48,TRANSFER,1
1780.14,C4185325775,2151.61,371.47,M3115568062,975.83,2755.98,DEBIT,0
663.49,C2751872513,1150.7,487.21,M4126788835,123.82,787.31,DEBIT,0
1847.34,C3829961723,2392.16,544.82,M8181440873,1348.71,3196.05,DEBIT,0
1355.55,C9933610438,2263.3,907.75,M6838856071,3648.85,5004.41,DEBIT,0
269.7,C8405522409,835.12,565.42,M3965269997,2211.26,2480.96,DEBIT,0
558.76,C5623825465,763.0,204.25,M2807155606,83.78,642.54,PAYMENT,0
329536.5,C9063180953,2078.02,0.0,M5184896915,8472.72,338009.22,TRANSFER,1
417595.89,C8533835123,2486.28,0.0,M5372043406,3397.77,420993.66,TRANSFER,1
1470.43,C2525278789,2102.67,632.24,M1194343786,2918.03,4388.45,DEBIT,0
126870.16,C5896342357,2026.24,0.0,M2132513306,4974.65,131844.81,CASH_OUT,1
348371.43,C9500190990,1761.87,0.0,M1542302931,8414.48,356785.9,TRANSFER,1
324797.14,C9961125445,1729.6,0.0,M8440810655,3151.9,327949.03,TRANSFER,1
353275.85,C8104201471,1144.47,0.0,M2521433058,2326.46,355602.31,CASH_OUT,1
1507.27,C8836045482,2038.57,531.29,M5923906220,3387.19,4894.46,PAYMENT,0
1697.74,C6486669017,2644.9,947.16,M2209531690,4424.28,6122.01,DEBIT,0
79.96,C3360877436,655.03,575.07,M4684068929,3932.92,4012.88,DEBIT,0
370339.1,C1785151076,695.58,0.0,M2195888151,2542.31,372881.41,TRANSFER,1
409.1,C5844452205,625.33,216.23,M3874658576,3456.06,3865.16,PAYMENT,0
1557.66,C7202722837,1783.5,225.84,M9520812939,880.12,2437.78,PAYMENT,0
1251.99,C1015901724,1726.06,474.08,M1698195057,4378.43,5630.41,DEBIT,0
404091.14,C4567483197,2978.19,0.0,M5828819789,4715.76,408806.91,TRANSFER,1
332034.48,C4817143944,457.43,0.0,M8997777227,8774.61,340809.09,TRANSFER,1
796.16,C8021172623,847.42,51.26,M7638713642,2009.38,2805.54,DEBIT,0
235307.0,C7182197371,4640.42,0.0,M7927522776,2246.16,237553.16,TRANSFER,1
599.93,C1226429665,1529.57,929.65,M7211254735,623.07,1222.99,DEBIT,0
1701.19,C2518593587,1993.7,292.52,M5863917143,837.35,2538.54,DEBIT,0
473476.73,C9967409085,37.67,0.0,M8756130653,2253.33,475730.06,CASH_OUT,1
451451.99,C4594944874,3987.13,0.0,M3995617112,6584.52,458036.51,TRANSFER,1
1300.03,C5133210482,1472.42,172.39,M5608063748,4361.97,5662.0,DEBIT,0
408063.28,C9665321439,4035.78,0.0,M4320619040,1202.07,409265.36,CASH_OUT,1
388828.38,C7067164628,4430.98,0.0,M8282624487,5930.44,394758.82,TRANSFER,1
213531.38,C7866829352,4122.67,0.0,M2419091580,742.41,214273.79,TRANSFER,1
337288.63,C8707655024,4461.51,0.0,M8970154033,1853.3,339141.93,TRANSFER,1
379.44,C2330610371,1043.66,664.22,M7595153430,4408.45,4787.89,PAYMENT,0
555.4,C6736403205,1362.47,807.07,M4678799362,976.2,1531.61,PAYMENT,0
1587.59,C3699071092,1656.63,69.05,M6382763899,2371.28,3958.86,PAYMENT,0
237009.7,C7936158570,1136.75,0.0,M1597499495,4235.97,241245.67,CASH_OUT,1
1456.77,C3844633780,2149.69,692.92,M3618563851,4936.84,6393.61,PAYMENT,0
900.66,C7285905501,1730.09,829.43,M9108202127,1513.4,2414.06,PAYMENT,0
150093.43,C4952646303,2371.68,0.0,M9777777673,1139.57,151232.99,TRANSFER,1
594.13,C9099938926,860.13,266.0,M8800000092,1663.9,2258.04,PAYMENT,0
1991.07,C5233994494,2441.34,450.28,M2365390185,1262.65,3253.72,PAYMENT,0
348264.19,C3042454672,1006.56,0.0,M3332272803,3951.38,352215.57,CASH_OUT,1
432977.06,C2306710475,1061.7,0.0,M7548779029,1818.25,434795.31,TRANSFER,1
1345.48,C8659206511,2150.91,805.43,M5253444858,4733.78,6079.26,DEBIT,0
1003.87,C7442795070,1538.89,535.03,M8666936319,721.94,1725.81,PAYMENT,0
1877.67,C2319484462,2058.86,181.18,M1688163739,3113.77,4991.44,PAYMENT,0
1305.43,C5209091402,2129.95,824.52,M8343264860,2088.54,3393.98,DEBIT,0
1595.0,C1253857558,2351.76,756.76,M9791682072,3402.79,4997.79,DEBIT,0
171155.25,C2055734938,2573.42,0.0,M2729859932,8082.75,179238.0,CASH_OUT,1
393.06,C4264325055,494.94,101.88,M7176352286,4555.6,4948.66,PAYMENT,0
275.36,C2242293089,517.9,242.54,M6881331200,1458.47,1733.82,DEBIT,0
1750.21,C4231300170,1793.64,43.43,M9665719970,1305.14,3055.35,PAYMENT,0
444055.88,C3334478864,3614.07,0.0,M5645974981,676.68,444732.56,CASH_OUT,1
1103.72,C4975087598,1793.5,689.78,M5588460051,719.71,1823.43,PAYMENT,0
496467.45,C7905176948,1158.36,0.0,M6285686601,9427.32,505894.77,TRANSFER,1
827.76,C4692588727,1456.98,629.22,M6422035803,3496.56,4324.32,PAYMENT,0
341316.72,C7795534851,2367.0,0.0,M9547882087,597.16,341913.89,CASH_OUT,1
391.56,C9951847268,947.05,555.5,M8472675396,2919.6,3311.15,DEBIT,0
757.95,C6709002024,1578.49,820.54,M1225407206,35.71,793.66,DEBIT,0
625.64,C6805549467,1319.78,694.13,M3334247850,80.62,706.27,PAYMENT,0
288612.98,C1391548508,2716.16,0.0,M1659956231,1592.46,290205.44,TRANSFER,1
1127.57,C1902448976,1298.39,170.81,M9461587611,988.45,2116.02,DEBIT,0
1123.56,C5824247183,1810.6,687.04,M3206972127,3290.41,4413.97,PAYMENT,0
668.67,C2723366725,1506.12,837.45,M8967500995,1549.33,2218.0,PAYMENT,0
898.96,C8137864681,1400.48,501.52,M4226281241,1233.29,2132.25,DEBIT,0
112.82,C7668826082,617.62,504.8,M1675483283,3592.27,3705.09,DEBIT,0
722.86,C4868735426,872.26,149.4,M4994342673,2549.93,3272.78,PAYMENT,0
434.04,C7980201315,1373.1,939.06,M6899372957,33.41,467.45,DEBIT,0
120935.55,C7212036054,1892.38,0.0,M6727637619,3629.44,124564.99,TRANSFER,1
404415.12,C1452538900,4753.86,0.0,M1206957353,7025.41,411440.52,CASH_OUT,1
390287.8,C9014683377,3067.08,0.0,M9784147308,4182.43,394470.23,CASH_OUT,1
180650.93,C7541516185,818.28,0.0,M6836132483,1642.66,182293.59,TRANSFER,1
456592.01,C9192135450,14.61,0.0,M2934733752,397.66,456989.67,CASH_OUT,1
400971.11,C4286469733,452.41,0.0,M9270710403,2886.86,403857.96,TRANSFER,1
668.52,C8441514851,916.81,248.29,M6205849261,4940.07,5608.59,PAYMENT,0
365065.81,C2736196427,461.42,0.0,M6674000114,5963.22,371029.02,CASH_OUT,1
35.69,C1500187307,262.38,226.69,M5840841489,2834.46,2870.15,PAYMENT,0
1021.26,C6266281015,1756.73,735.48,M9043744600,4960.37,5981.63,PAYMENT,0
1700.43,C1506832010,2233.28,532.85,M4249310993,2356.61,4057.04,DEBIT,0
109340.84,C9160795108,3781.07,0.0,M5793780348,4585.23,113926.07,CASH_OUT,1
1992.56,C8305170865,2221.73,229.17,M4514870516,2734.38,4726.94,PAYMENT,0
413533.02,C7178770957,2404.52,0.0,M7843079691,407.54,413940.56,CASH_OUT,1
1301.04,C3584740230,2255.61,954.57,M7019232485,757.16,2058.2,DEBIT,0
380903.51,C2694691328,4964.08,0.0,M4066746868,1314.89,382218.4,CASH_OUT,1
208618.82,C8657998172,2012.23,0.0,M8366035217,1027.48,209646.3,TRANSFER,1
1298.56,C1493049026,1571.6,273.04,M9338820378,885.96,2184.52,DEBIT,0
191381.9,C1310089820,4981.67,0.0,M5426618814,9747.93,201129.83,TRANSFER,1
1071.77,C2075816066,1072.01,0.24,M4461339257,1206.22,2278.0,DEBIT,0
1501.26,C6473964503,2419.11,917.84,M1348597687,540.14,2041.41,DEBIT,0
585.41,C7603860695,1537.67,952.26,M5367849124,249.3,834.71,PAYMENT,0
1865.21,C2973807964,2531.16,665.95,M1310153253,4113.29,5978.5,PAYMENT,0
1520.15,C5020789648,1625.94,105.8,M7595733901,2530.7,4050.85,PAYMENT,0
298869.91,C1130511435,3089.24,0.0,M3961494829,8689.05,307558.96,CASH_OUT,1
1491.75,C2261837634,2456.18,964.43,M5371047701,3589.35,5081.1,DEBIT,0
244.77,C6422002705,289.92,45.15,M1171465953,2189.5,2434.26,PAYMENT,0
134138.99,C7512460411,258.41,0.0,M6682054813,5313.55,139452.53,TRANSFER,1
281315.53,C7698604197,2621.95,0.0,M6457806793,4407.63,285723.16,CASH_OUT,1
129617.86,C3677045063,1792.33,0.0,M1272981039,1158.69,130776.55,TRANSFER,1
285269.09,C7714274845,1173.27,0.0,M4937590330,3031.94,288301.03,TRANSFER,1
1718.61,C1453764789,2681.35,962.73,M4491168322,3141.74,4860.35,DEBIT,0
282391.71,C3046480546,2217.28,0.0,M1255428423,6021.17,288412.88,TRANSFER,1
260.74,C7733337554,457.16,196.42,M3488136696,4757.22,5017.97,PAYMENT,0
306069.47,C8991353685,4877.71,0.0,M1792261991,4589.89,310659.36,CASH_OUT,1
1737.66,C5458546691,2035.02,297.36,M3662744707,812.69,2550.35,DEBIT,0
263322.54,C9843740923,3796.24,0.0,M4860520142,9036.08,272358.62,TRANSFER,1
142197.7,C9088627133,2282.67,0.0,M5819331062,2184.4,144382.11,CASH_OUT,1
141923.23,C3044265826,2492.85,0.0,M8019798271,3851.2,145774.43,CASH_OUT,1
541.62,C4188148883,1452.28,910.66,M7964369900,2178.36,2719.98,PAYMENT,0
860.72,C4715977147,1066.93,206.22,M8987882532,3998.59,4859.31,PAYMENT,0
174183.55,C3608361341,2310.49,0.0,M6263654831,12.32,174195.87,TRANSFER,1
610.58,C3145543751,1510.33,899.74,M4284688944,3142.03,3752.62,PAYMENT,0
467570.61,C8911323527,1261.21,0.0,M8423810919,7550.42,475121.03,TRANSFER,1
1962.7,C1627155489,2344.32,381.62,M5028954792,3876.17,5838.88,DEBIT,0
247482.87,C2788872913,1849.07,0.0,M4531235724,523.55,248006.42,TRANSFER,1
388003.22,C5211287703,2089.95,0.0,M1976716348,888.4,388891.62,CASH_OUT,1
1531.95,C4334996160,2210.85,678.9,M3625670717,3864.93,5396.89,PAYMENT,0
364121.09,C9942859231,3821.86,0.0,M2268925662,2650.46,366771.55,CASH_OUT,1
274534.33,C2385927470,4010.55,0.0,M1186404943,9779.01,284313.34,TRANSFER,1
137.83,C7286208929,730.53,592.7,M5066819486,4125.18,4263.01,PAYMENT,0
135146.6,C6999739797,1753.13,0.0,M7732536678,332.03,135478.63,CASH_OUT,1
844.01,C5322731505,1443.31,599.3,M3131331205,2568.54,3412.55,PAYMENT,0
1249.68,C1706805838,1696.55,446.87,M4979653900,3889.92,5139.6,PAYMENT,0
1890.58,C7312761484,2564.19,673.61,M7795260187,324.5,2215.08,DEBIT,0
381474.39,C1053274943,2703.49,0.0,M3013343095,965.34,382439.74,CASH_OUT,1
337078.69,C7007905237,404.27,0.0,M1647326920,3696.54,340775.23,TRANSFER,1
427282.67,C1127424038,2658.0,0.0,M3900907711,8798.63,436081.29,TRANSFER,1
670.62,C2110642401,1135.96,465.34,M7126334272,68.41,739.04,DEBIT,0
273.62,C4664830316,820.53,546.92,M8972119078,2731.24,3004.85,DEBIT,0
1402.41,C8685810892,2019.36,616.94,M2057610620,4317.33,5719.74,DEBIT,0
190511.64,C6884329978,1921.2,0.0,M1117769333,4501.23,195012.88,CASH_OUT,1
955.15,C3275822675,1010.37,55.22,M6008025592,4711.92,5667.07,DEBIT,0
1665.56,C7755006480,2069.08,403.52,M8704978402,1666.5,3332.06,PAYMENT,0
336092.27,C1587631548,1804.87,0.0,M5081238345,915.82,337008.09,TRANSFER,1
216011.68,C7579983016,4655.05,0.0,M3535882236,3918.24,219929.92,TRANSFER,1
1662.0,C9276042705,2610.25,948.25,M6212793850,1523.01,3185.01,PAYMENT,0
253538.86,C7496632833,2329.06,0.0,M1296923045,8359.98,261898.84,TRANSFER,1
191700.56,C6376436010,3611.26,0.0,M9196732745,7200.37,198900.92,TRANSFER,1
210467.82,C6355067716,3534.88,0.0,M2547192896,626.9,211094.72,CASH_OUT,1
732.34,C7046360625,1611.62,879.28,M9101941965,3626.86,4359.19,PAYMENT,0
322172.68,C2935072333,3844.94,0.0,M1554735469,9447.66,331620.34,CASH_OUT,1
909.65,C7250822975,1895.46,985.81,M8432408582,0.93,910.58,PAYMENT,0
1428.9,C6326410548,1795.18,366.29,M2389527637,264.68,1693.58,PAYMENT,0
1402.2,C3163326081,2255.12,852.93,M3182452047,579.12,1981.31,PAYMENT,0
454646.86,C6704372274,138.08,0.0,M1665898681,5788.65,460435.51,CASH_OUT,1
499096.19,C5436919126,1333.91,0.0,M2482069727,9766.15,508862.34,CASH_OUT,1
21.38,C2366248204,487.21,465.83,M5128148258,2855.81,2877.19,DEBIT,0
1934.27,C3444723164,2505.47,571.2,M9022911403,4317.16,6251.43,PAYMENT,0
229596.02,C4764298642,434.63,0.0,M9206067584,6332.41,235928.43,TRANSFER,1
1038.09,C2245729629,1322.69,284.6,M6024077519,2586.05,3624.14,DEBIT,0
1848.97,C5151289971,2824.15,975.18,M7992720131,4166.02,6015.0,DEBIT,0
1915.96,C1771596097,1993.67,77.71,M7777768079,2661.8,4577.76,PAYMENT,0
203176.65,C2038747649,3299.92,0.0,M1399873327,8172.22,211348.87,TRANSFER,1
326132.1,C1490037672,2319.66,0.0,M1649600177,9720.05,335852.16,CASH_OUT,1
602.38,C9753040137,635.33,32.95,M5271749530,2950.64,3553.02,PAYMENT,0
1267.92,C8518529948,1703.21,435.29,M1624992032,2625.77,3893.69,DEBIT,0
383075.33,C4605457179,4863.88,0.0,M6233173623,8260.39,391335.72,TRANSFER,1
300178.12,C9221583259,2711.82,0.0,M4495099612,9514.79,309692.91,CASH_OUT,1
1639.29,C7147102676,2622.86,983.57,M5511216886,1298.35,2937.65,PAYMENT,0
425787.39,C7996256236,1409.27,0.0,M4450924308,1181.65,426969.04,TRANSFER,1
1969.84,C2030746478,2908.84,939.0,M7222457580,2264.07,4233.91,DEBIT,0
124056.94,C3963548446,2811.48,0.0,M5710189501,9576.25,133633.19,TRANSFER,1
480371.44,C2078042739,2885.61,0.0,M3422679507,3571.21,483942.65,CASH_OUT,1
265419.64,C3436587433,609.43,0.0,M2101928745,1811.49,267231.13,TRANSFER,1
1240.4,C5389825257,1921.07,680.67,M2537431638,3333.66,4574.06,PAYMENT,0
296637.82,C8720457559,321.04,0.0,M1049909831,5819.71,302457.53,TRANSFER,1
191610.16,C3127828256,2714.25,0.0,M8526514104,4315.28,195925.44,TRANSFER,1
380100.78,C4992674298,2929.05,0.0,M4361163826,5864.79,385965.57,CASH_OUT,1
394.57,C6496467094,445.13,50.56,M8141655622,3132.29,3526.85,PAYMENT,0
905.6,C1057593159,1243.42,337.82,M8755028572,1940.49,2846.1,DEBIT,0
416727.14,C3746036109,2949.78,0.0,M8752607818,4800.46,421527.6,TRANSFER,1
1146.05,C8841368801,1331.32,185.27,M9460769991,1393.22,2539.26,DEBIT,0
1202.93,C7195822496,2105.33,902.4,M8730010716,1916.08,3119.0,PAYMENT,0
453769.71,C4105903393,3500.17,0.0,M6498994637,1044.04,454813.75,TRANSFER,1
599.82,C6783425854,1510.62,910.8,M5834267359,2737.07,3336.89,PAYMENT,0
1014.23,C5459897822,1021.58,7.35,M4080616315,3458.6,4472.83,PAYMENT,0
343100.85,C8064502251,1476.51,0.0,M6150590389,1366.01,344466.86,TRANSFER,1
1649.25,C9914320932,2506.28,857.03,M7131792036,2075.54,3724.79,PAYMENT,0
797.92,C2077517526,1554.17,756.25,M1517317398,2270.92,3068.83,PAYMENT,0
964.45,C5726429195,1937.3,972.84,M3186816808,24.34,988.8,PAYMENT,0
235949.99,C6663998872,3623.83,0.0,M3688182993,653.56,236603.55,TRANSFER,1
204114.74,C7215056247,4535.98,0.0,M7272191013,6707.32,210822.07,TRANSFER,1
890.96,C7992337627,1623.18,732.22,M4564563396,1165.09,2056.06,PAYMENT,0
1867.49,C1125840137,2591.03,723.53,M7949699319,2885.93,4753.43,PAYMENT,0
1692.85,C3451401892,1952.45,259.6,M4702588841,8.22,1701.07,PAYMENT,0
237424.19,C8170888635,3085.78,0.0,M1300353963,4424.1,241848.29,CASH_OUT,1
248158.79,C1378823452,1874.02,0.0,M3606518330,4740.06,252898.86,CASH_OUT,1
395717.89,C3814416531,531.72,0.0,M9920982143,3149.2,398867.09,CASH_OUT,1
361.06,C4290619698,1173.79,812.73,M9363619441,2708.8,3069.86,PAYMENT,0
264.35,C8021969720,846.58,582.24,M8984053655,1499.37,1763.72,PAYMENT,0
338052.67,C7524193979,49.62,0.0,M8204989157,4640.95,342693.62,CASH_OUT,1
1067.64,C1008918562,1525.61,457.96,M3225994457,1983.95,3051.59,DEBIT,0
739.93,C9461405369,839.42,99.49,M9010419363,3832.98,4572.91,PAYMENT,0
385297.91,C7415803238,3803.93,0.0,M5404141609,5612.77,390910.69,TRANSFER,1
352725.41,C4349410466,1299.02,0.0,M5136019167,6340.06,359065.47,CASH_OUT,1
476954.81,C7728389947,4366.68,0.0,M2679515891,1617.64,478572.45,CASH_OUT,1
810.03,C9590066528,1538.97,728.94,M4058605342,3899.1,4709.14,PAYMENT,0
460007.46,C3856310776,4369.45,0.0,M1753213894,5974.13,465981.59,CASH_OUT,1
1148.08,C9072230807,2055.54,907.46,M7365119709,612.41,1760.48,DEBIT,0
1450.74,C1046378726,1662.78,212.04,M8305787772,525.49,1976.23,PAYMENT,0
630.64,C6769801937,970.61,339.97,M5017875390,394.7,1025.34,PAYMENT,0
341.86,C1156446095,948.52,606.66,M4876388876,3545.64,3887.5,PAYMENT,0
461.25,C9673262320,1392.74,931.49,M6699450686,4542.05,5003.3,PAYMENT,0
1398.46,C5560764377,1762.57,364.11,M6130113598,2831.08,4229.53,DEBIT,0
933.32,C1288768584,1052.03,118.71,M8468375488,4902.84,5836.16,PAYMENT,0
1476.89,C9248638838,1513.61,36.71,M5346519929,2373.85,3850.74,DEBIT,0
78.52,C1372401883,524.34,445.83,M3312251915,4083.28,4161.79,DEBIT,0
373.42,C8465922384,947.4,573.98,M3079556603,3187.02,3560.45,PAYMENT,0
235.35,C9566588224,805.54,570.19,M8211987540,4309.22,4544.57,PAYMENT,0
308123.08,C3370421813,3861.59,0.0,M9060165853,5201.64,313324.72,CASH_OUT,1
599.69,C1346240528,743.16,143.47,M8538241497,757.23,1356.92,PAYMENT,0
1865.97,C6176239360,2249.03,383.06,M3092003608,3647.61,5513.58,PAYMENT,0
1857.46,C6860768187,1923.09,65.63,M4623580270,2747.06,4604.52,DEBIT,0
159599.89,C6196231796,3477.08,0.0,M6890212670,7459.25,167059.15,CASH_OUT,1
1267.44,C8529588105,1794.49,527.05,M4124384245,2912.67,4180.11,DEBIT,0
855.34,C9539986553,1240.89,385.55,M6421426917,4577.08,5432.42,DEBIT,0
1895.13,C8232618100,2100.75,205.62,M3014596283,3068.42,4963.54,DEBIT,0
1797.31,C6042123625,2732.74,935.42,M3489348969,4899.02,6696.33,DEBIT,0
403470.56,C1535642809,3391.89,0.0,M3763232387,7562.65,411033.2,TRANSFER,1
252356.34,C3013021793,4849.57,0.0,M2781636194,8421.19,260777.53,TRANSFER,1
222145.54,C1755593187,2428.07,0.0,M1077633091,4484.24,226629.79,TRANSFER,1
384.72,C1607237759,688.46,303.74,M1846894451,465.09,849.81,PAYMENT,0
395610.62,C3349189279,1116.32,0.0,M3603379670,6418.6,402029.22,CASH_OUT,1
704.25,C9980246346,1627.42,923.17,M4209354782,1033.22,1737.47,PAYMENT,0
1933.45,C4906682454,2878.16,944.71,M1026559312,1674.39,3607.84,PAYMENT,0
1744.46,C6835406114,2162.8,418.35,M5349068428,2221.98,3966.43,PAYMENT,0
165473.52,C5349577328,1368.96,0.0,M2109955339,9283.18,174756.7,CASH_OUT,1
1419.89,C1524116974,1591.98,172.09,M6775030584,4862.1,6281.99,PAYMENT,0
1007.54,C2881962803,1057.78,50.24,M4604252341,174.56,1182.1,PAYMENT,0
596.69,C4847499289,951.23,354.55,M1444421988,2822.97,3419.66,PAYMENT,0
1428.56,C1905749458,2125.26,696.7,M4681610143,1621.73,3050.29,PAYMENT,0
1713.44,C5594409949,2463.4,749.95,M4112546713,4025.58,5739.03,DEBIT,0
694.48,C4526086619,1427.48,733.0,M6698539864,3293.31,3987.78,DEBIT,0
437668.18,C6179048555,4028.35,0.0,M5540153473,5853.54,443521.72,TRANSFER,1
166.29,C9416384190,522.69,356.4,M3593314471,3738.26,3904.55,DEBIT,0
247.93,C9567103250,820.57,572.64,M5692253658,1283.72,1531.65,PAYMENT,0
341.41,C5595910076,1327.59,986.18,M5538172200,4104.25,4445.66,PAYMENT,0
239.96,C4448778426,1076.38,836.42,M9385995756,2512.33,2752.29,PAYMENT,0
1067.83,C5987396805,1100.49,32.66,M9466028689,2377.98,3445.81,DEBIT,0
1598.98,C2884063743,1866.15,267.17,M6232443537,1222.7,2821.69,DEBIT,0
354880.59,C3636824654,3296.77,0.0,M1286268347,8951.18,363831.77,CASH_OUT,1
438.16,C5434343594,1065.63,627.47,M2011843726,4618.32,5056.48,PAYMENT,0
389992.47,C8258909465,2694.07,0.0,M4996925809,606.29,390598.76,CASH_OUT,1
12.68,C2993151241,390.78,378.1,M3839577591,716.98,729.66,DEBIT,0
142637.21,C2747656360,3289.23,0.0,M4739857583,9994.14,152631.35,CASH_OUT,1
809.61,C1012505751,885.91,76.3,M6409080675,3663.5,4473.11,DEBIT,0
1199.7,C6614147820,1281.67,81.97,M5673577926,3234.19,4433.89,PAYMENT,0
1137.37,C9098416133,1786.91,649.54,M5337961677,1513.12,2650.49,DEBIT,0
429045.73,C7235294688,2118.69,0.0,M1721615534,6675.5,435721.23,CASH_OUT,1
240649.07,C2223519795,507.1,0.0,M6614767642,4858.72,245507.79,CASH_OUT,1
323125.29,C8529882261,902.97,0.0,M7612343643,538.58,323663.87,CASH_OUT,1
136916.23,C5969181290,2405.73,0.0,M1011145552,6877.85,143794.08,CASH_OUT,1
120454.15,C5786687937,1288.04,0.0,M2959520894,595.25,121049.4,TRANSFER,1
1418.43,C7194783623,1778.42,359.99,M8166886856,383.62,1802.05,PAYMENT,0
261020.02,C9162895900,1090.12,0.0,M3968775265,6450.54,267470.56,CASH_OUT,1
73.17,C8125545789,496.51,423.34,M5283104162,422.83,496.0,DEBIT,0
319568.79,C1596247870,1008.65,0.0,M1011643208,6845.72,326414.51,CASH_OUT,1
980.92,C5276263462,1185.18,204.26,M3062372505,3134.01,4114.93,DEBIT,0
760.59,C4652919731,1663.92,903.34,M3818267516,348.45,1109.04,DEBIT,0
1093.07,C6772829560,2068.85,975.78,M3235718753,1845.68,2938.75,DEBIT,0
376224.09,C4260034128,2606.5,0.0,M8031856079,867.05,377091.15,CASH_OUT,1
487032.22,C4142403170,2739.86,0.0,M6368779760,4234.71,491266.93,CASH_OUT,1
60.13,C5167222541,899.13,839.0,M7174708412,57.09,117.22,DEBIT,0
1541.77,C4898804862,2352.7,810.94,M9965386919,2001.78,3543.55,DEBIT,0
1812.46,C4736728603,2787.54,975.09,M8459475881,1161.45,2973.9,PAYMENT,0
330399.37,C3107749981,4586.98,0.0,M4085750465,53.0,330452.37,CASH_OUT,1
1708.1,C3212625553,2206.43,498.33,M9548209720,3016.23,4724.33,PAYMENT,0
271972.43,C8683632761,3364.83,0.0,M7212324539,2753.81,274726.24,TRANSFER,1
1075.59,C9298431265,2011.34,935.75,M8506316565,2988.07,4063.65,DEBIT,0
108.12,C5050080214,365.6,257.48,M4586185102,678.31,786.43,PAYMENT,0
830.68,C2892101296,1026.44,195.76,M4916836597,2565.88,3396.56,PAYMENT,0
929.46,C5041048442,1832.49,903.03,M8176310017,254.27,1183.73,DEBIT,0
948.76,C9698163879,1502.23,553.47,M3436925548,2851.43,3800.2,DEBIT,0
1684.81,C5334043708,2239.44,554.62,M5618860102,4508.16,6192.97,DEBIT,0
1257.27,C6777867242,1286.07,28.8,M5119235438,3218.6,4475.87,PAYMENT,0
1550.76,C7466744829,2206.96,656.2,M1331332564,2358.32,3909.08,PAYMENT,0
1852.86,C8479969482,2014.55,161.69,M3347960980,4829.16,6682.02,DEBIT,0
615.57,C7753042294,702.03,86.46,M9586529982,7.14,622.71,PAYMENT,0
1199.39,C9920514708,2069.08,869.7,M8175881141,4454.16,5653.55,DEBIT,0
1460.27,C2472018118,1783.8,323.53,M5872967967,3325.28,4785.55,DEBIT,0
471842.35,C7012547073,2661.3,0.0,M5195002956,5809.32,477651.67,CASH_OUT,1
212998.43,C9128475687,1765.25,0.0,M2801515412,8940.94,221939.37,TRANSFER,1
346340.47,C7757559970,4719.46,0.0,M4484095420,9442.52,355782.98,CASH_OUT,1
646.91,C5486132164,1410.06,763.15,M7241736220,4011.25,4658.16,DEBIT,0
103136.64,C5114295729,3154.61,0.0,M7569838490,4476.73,107613.37,CASH_OUT,1
279.08,C9072826964,954.54,675.46,M9190682855,1980.0,2259.09,DEBIT,0
622.56,C7681034558,863.73,241.17,M2251386294,1167.84,1790.4,PAYMENT,0
103732.65,C6171293674,1233.39,0.0,M3384071689,7264.62,110997.27,TRANSFER,1
372199.72,C5943756011,3272.56,0.0,M5052799508,2732.6,374932.32,TRANSFER,1
894.61,C6805958302,1399.23,504.62,M3177902420,586.4,1481.01,DEBIT,0
321690.61,C6164614669,26.15,0.0,M5114894241,7609.91,329300.51,CASH_OUT,1
1119.05,C9215810476,1275.08,156.04,M7724579490,4172.95,5292.0,DEBIT,0
488.96,C3077535076,1232.56,743.6,M5406190056,3751.36,4240.32,PAYMENT,0
253533.18,C6731682353,2859.36,0.0,M9702448588,5877.69,259410.87,TRANSFER,1
1686.23,C1445296119,2059.47,373.24,M9798917679,3159.94,4846.17,DEBIT,0
263017.21,C8766311099,2035.53,0.0,M5070289068,660.1,263677.31,TRANSFER,1
1616.45,C6774998423,2076.08,459.63,M3418772611,1118.01,2734.46,PAYMENT,0
792.71,C6014660105,1337.26,544.56,M6627732092,799.4,1592.11,PAYMENT,0
1485.2,C7874244484,2312.81,827.61,M3276557467,4839.32,6324.53,PAYMENT,0
200576.98,C4251286503,1373.66,0.0,M7434570489,2072.28,202649.25,TRANSFER,1
343.24,C2786110872,805.84,462.59,M5566108173,166.34,509.58,DEBIT,0
342571.62,C1021739356,45.99,0.0,M5985632639,1014.72,343586.34,TRANSFER,1
155009.51,C3747084978,1704.08,0.0,M8674034251,1648.25,156657.76,CASH_OUT,1
176447.48,C4260176268,1550.42,0.0,M9143433245,7317.25,183764.73,CASH_OUT,1
335421.69,C5248516833,4911.65,0.0,M4192676038,8841.99,344263.68,CASH_OUT,1
795.01,C6358537092,1662.07,867.06,M6789839067,1219.98,2014.99,PAYMENT,0
689.52,C9453392598,905.13,215.61,M5929988676,4068.55,4758.08,DEBIT,0
395147.81,C4235948263,4170.72,0.0,M4290442878,7404.76,402552.57,TRANSFER,1
404923.61,C8976310731,2274.59,0.0,M1328070825,2672.53,407596.14,TRANSFER,1
241908.52,C6849401793,4708.63,0.0,M1043513097,6685.73,248594.24,TRANSFER,1
1016.21,C2686765704,1957.33,941.12,M7671678450,4381.6,5397.81,PAYMENT,0
1727.29,C2791706935,2207.85,480.56,M8844605782,343.77,2071.06,PAYMENT,0
921.48,C7854983045,1178.12,256.65,M5276646886,3760.57,4682.05,PAYMENT,0
233697.56,C3128119000,3854.56,0.0,M3956665770,1065.98,234763.54,TRANSFER,1
872.83,C2864105883,965.46,92.63,M9628821913,3741.92,4614.75,PAYMENT,0
423.5,C6514214815,1222.45,798.95,M6937725545,4015.19,4438.69,DEBIT,0
1455.34,C8086490286,1675.03,219.68,M8532377059,2245.42,3700.76,DEBIT,0
474941.32,C9200768418,3530.1,0.0,M4350989591,6311.71,481253.02,CASH_OUT,1
169409.81,C8047921407,3474.76,0.0,M8827494424,3461.0,172870.8,CASH_OUT,1
176.27,C6816551049,195.4,19.13,M7525019848,828.74,1005.01,DEBIT,0
109.93,C2227070415,574.54,464.61,M9982383389,1898.08,2008.01,PAYMENT,0
135417.36,C5688812957,187.98,0.0,M2444700158,4797.81,140215.18,CASH_OUT,1
473746.81,C5229860756,4627.84,0.0,M8898007149,4508.39,478255.2,CASH_OUT,1
638.71,C8752817019,1367.95,729.24,M8948181423,4373.74,5012.45,PAYMENT,0
322705.16,C1803346757,2858.06,0.0,M6685159029,2799.79,325504.95,CASH_OUT,1
477089.73,C6865554152,3925.95,0.0,M1968005178,9913.28,487003.01,CASH_OUT,1
1857.73,C6779394608,2437.47,579.74,M1166642394,3335.18,5192.91,PAYMENT,0
696.19,C9053570675,1033.5,337.31,M1606052499,1559.56,2255.75,PAYMENT,0
476.4,C8450734426,599.96,123.57,M2380973754,618.45,1094.85,PAYMENT,0
477721.45,C2281508426,510.97,0.0,M8614215854,8542.1,486263.55,TRANSFER,1
344.36,C9093193385,699.16,354.8,M5946698150,1999.92,2344.27,PAYMENT,0
470.25,C5317041852,713.82,243.57,M7207986610,1530.24,2000.48,DEBIT,0
881.84,C9366009768,1699.63,817.79,M5592627895,2746.63,3628.47,PAYMENT,0
112.07,C3456703593,604.61,492.54,M4459305535,2210.54,2322.61,PAYMENT,0
339314.42,C1010047595,2298.41,0.0,M5317532261,759.33,340073.76,CASH_OUT,1
243.24,C1885846086,580.44,337.21,M2683023172,714.21,957.45,DEBIT,0
1659.45,C9093335638,2008.34,348.89,M2480824907,2608.0,4267.45,PAYMENT,0
181289.24,C4717625522,3808.99,0.0,M5212243405,3865.41,185154.64,TRANSFER,1
313586.99,C9777792473,710.69,0.0,M1528295124,117.07,313704.06,CASH_OUT,1
271.26,C7331460160,580.95,309.69,M1173232548,1008.97,1280.24,PAYMENT,0
411940.4,C2039575440,198.09,0.0,M5906981023,4805.07,416745.47,CASH_OUT,1
105361.05,C7137022430,1413.73,0.0,M8923310296,445.95,105807.0,CASH_OUT,1
301.92,C6719250840,992.25,690.32,M8068335255,4725.12,5027.04,PAYMENT,0
837.39,C6032387008,1266.34,428.94,M3147967921,2704.53,3541.92,DEBIT,0
414070.38,C1199502978,998.37,0.0,M3609385266,5142.34,419212.73,CASH_OUT,1
1718.94,C1688764188,2467.3,748.36,M1709891472,2196.05,3914.99,DEBIT,0
357152.76,C1142547170,3470.75,0.0,M2305439860,5126.55,362279.31,CASH_OUT,1
372123.02,C6950318585,2252.5,0.0,M1068574553,132.65,372255.67,TRANSFER,1
114.04,C1543902313,966.58,852.54,M7412515559,990.98,1105.02,DEBIT,0
249816.05,C1670094950,4753.57,0.0,M5964958674,7319.94,257135.99,TRANSFER,1
330761.55,C9392059356,2462.59,0.0,M9224279924,1952.43,332713.98,TRANSFER,1
784.53,C7480929750,1671.95,887.42,M6491950261,4469.67,5254.19,DEBIT,0
426977.42,C2758409637,1709.09,0.0,M2873149153,2594.23,429571.66,CASH_OUT,1
1089.52,C5383750175,1239.12,149.6,M2154687952,1903.45,2992.97,PAYMENT,0
428957.37,C3811885347,2154.31,0.0,M3058076300,8967.14,437924.51,TRANSFER,1
402144.56,C5429456860,2125.78,0.0,M7226646571,2079.42,404223.98,CASH_OUT,1
269019.37,C6497718486,210.12,0.0,M8981516719,7399.04,276418.41,CASH_OUT,1
1196.73,C3687145898,1470.94,274.21,M3900094340,133.04,1329.77,PAYMENT,0
391803.29,C4227131422,3827.56,0.0,M5108628515,1589.08,393392.37,CASH_OUT,1
284918.22,C8758444475,2058.83,0.0,M9813086399,6509.73,291427.96,CASH_OUT,1
427.74,C7963114943,1216.66,788.93,M7371904332,3872.86,4300.6,DEBIT,0
475799.58,C9970006983,4474.14,0.0,M6136707286,5979.0,481778.58,CASH_OUT,1
69.28,C5315945902,79.06,9.78,M5751430027,375.61,444.9,DEBIT,0
415085.21,C5917587524,3122.13,0.0,M6116125092,4944.81,420030.02,TRANSFER,1
253730.66,C4377326140,3398.24,0.0,M1384017322,2182.54,255913.2,CASH_OUT,1
461.2,C6109101989,1063.18,601.98,M7145846257,3487.24,3948.44,DEBIT,0
1547.31,C7497951230,2249.8,702.49,M4024014621,3076.27,4623.58,DEBIT,0
481.48,C8205004353,578.44,96.97,M7644008950,895.16,1376.64,PAYMENT,0
517.22,C4556734700,1259.75,742.53,M6899224240,383.18,900.39,DEBIT,0
725.84,C8254719856,1262.0,536.16,M9004277361,3586.81,4312.66,PAYMENT,0
1733.71,C7150438522,2232.89,499.19,M6241266262,1482.69,3216.39,PAYMENT,0
347.76,C7596790914,366.9,19.14,M7021059677,3895.51,4243.27,PAYMENT,0
300861.44,C7571263580,694.36,0.0,M8855571330,1157.38,302018.82,TRANSFER,1
243700.3,C3291416267,1896.79,0.0,M4357763888,6055.38,249755.68,TRANSFER,1
308333.7,C7612927342,4805.86,0.0,M3520077079,8445.34,316779.04,TRANSFER,1
1861.03,C8413478009,2388.62,527.59,M1520992400,1294.52,3155.55,PAYMENT,0
458436.52,C4513346675,1590.02,0.0,M4696809704,1100.52,459537.04,TRANSFER,1
1905.31,C1110850498,2788.87,883.56,M3376365191,1353.1,3258.41,DEBIT,0
393611.91,C7559386505,3812.98,0.0,M8011723583,9292.57,402904.48,CASH_OUT,1
1476.28,C9322192600,1977.32,501.04,M3884758726,2863.8,4340.09,DEBIT,0
496218.41,C9599888413,1003.26,0.0,M9779608642,9946.49,506164.9,CASH_OUT,1
242701.33,C4445409806,1404.67,0.0,M1320192576,5426.96,248128.29,TRANSFER,1
1471.28,C9225220272,2107.22,635.94,M2259922770,4374.94,5846.22,DEBIT,0
178770.28,C7741122040,4757.15,0.0,M2876883032,9948.19,188718.47,CASH_OUT,1
1203.94,C4742270470,1689.58,485.65,M6470493219,2729.62,3933.55,PAYMENT,0
307331.86,C4017146154,4386.87,0.0,M6838970031,7407.69,314739.55,TRANSFER,1
360546.88,C5627058738,3856.23,0.0,M1447737293,3744.35,364291.24,TRANSFER,1
1279.17,C6378638765,2099.24,820.07,M3635554729,207.89,1487.07,PAYMENT,0
102826.52,C5495394815,115.31,0.0,M5684118973,5247.75,108074.27,TRANSFER,1
408368.74,C1563692479,4223.92,0.0,M7943460226,7610.24,415978.98,TRANSFER,1
1351.3,C2317595466,1403.14,51.84,M2515945242,2744.29,4095.59,DEBIT,0
1914.82,C3656910973,2804.96,890.14,M5549130901,3261.38,5176.2,DEBIT,0
381.31,C4609267943,569.55,188.23,M1075154255,921.24,1302.56,DEBIT,0
171349.03,C2665045420,145.36,0.0,M8401967106,1668.85,173017.88,CASH_OUT,1
1483.85,C6569656413,2346.82,862.97,M7620132085,2659.45,4143.29,DEBIT,0
498534.31,C9739679320,4487.18,0.0,M4843658307,4633.81,503168.12,TRANSFER,1
785.14,C9975717719,1026.2,241.06,M6398043930,78.48,863.62,DEBIT,0
425.57,C9039805384,484.14,58.57,M3478117154,2761.83,3187.4,DEBIT,0
1766.17,C4519288587,1786.29,20.12,M7617537999,3763.64,5529.8,DEBIT,0
428716.25,C3356714309,1725.41,0.0,M3295331460,3476.19,432192.45,CASH_OUT,1
187709.58,C4262506264,168.35,0.0,M6101746206,2146.28,189855.87,TRANSFER,1
873.44,C1490415609,1621.03,747.6,M7521129279,4998.76,5872.2,PAYMENT,0
142868.8,C1908162278,2237.06,0.0,M6701557721,5326.17,148194.98,TRANSFER,1
1656.33,C7687438110,1698.25,41.92,M9101089031,2095.91,3752.25,DEBIT,0
478657.77,C7854719882,1698.84,0.0,M1434908016,5172.39,483830.17,CASH_OUT,1
530.73,C9080920047,597.72,66.99,M2786335526,140.96,671.68,DEBIT,0
1683.78,C7938214360,2680.63,996.85,M2742530178,2151.72,3835.5,DEBIT,0
221912.5,C3973990112,823.28,0.0,M6234552479,5340.89,227253.4,CASH_OUT,1
725.75,C4013199848,1412.99,687.23,M5337176312,1564.17,2289.93,PAYMENT,0
403274.0,C1402682909,3717.12,0.0,M7691740857,6119.41,409393.41,CASH_OUT,1
1440.21,C2992591094,2026.45,586.24,M6350750108,2461.84,3902.05,DEBIT,0
1648.87,C8755484846,2469.57,820.7,M2409520144,2386.75,4035.62,PAYMENT,0
335.08,C7563522909,439.39,104.31,M3006870696,727.58,1062.65,DEBIT,0
41.33,C9612896185,58.48,17.15,M2728015484,4583.02,4624.34,PAYMENT,0
639.77,C5857097508,1413.77,774.0,M2011747971,260.36,900.13,PAYMENT,0
1607.29,C5051486095,1854.25,246.97,M1562703511,4498.06,6105.35,DEBIT,0
284311.51,C8260190508,1031.67,0.0,M9758778952,3642.7,287954.21,CASH_OUT,1
834.14,C3455036168,1792.09,957.95,M6088842156,2705.57,3539.71,DEBIT,0
1764.31,C2997397084,2495.63,731.32,M4754534485,3486.38,5250.69,DEBIT,0
1954.44,C7680801960,2057.56,103.12,M1815250513,2738.92,4693.36,DEBIT,0
1905.25,C8982224442,2234.07,328.82,M4028127616,3311.57,5216.82,DEBIT,0
108.1,C6672507524,494.38,386.29,M6624128869,1767.37,1875.46,PAYMENT,0
307516.25,C9428646963,3515.09,0.0,M2223380592,3636.3,311152.54,TRANSFER,1
321.39,C2037237287,795.31,473.92,M1923042746,3581.99,3903.37,DEBIT,0
204.05,C3294760416,763.03,558.98,M3322437287,2505.44,2709.49,DEBIT,0
1935.85,C1998605661,2375.59,439.74,M6396467750,1391.84,3327.69,DEBIT,0
1420.51,C5908485807,1598.39,177.88,M4282435641,4442.67,5863.18,DEBIT,0
812.05,C6671775845,1461.2,649.15,M5696633164,3490.35,4302.4,DEBIT,0
480.85,C6132306714,964.35,483.5,M7463545453,2145.75,2626.6,DEBIT,0
794.33,C2815293841,1397.66,603.33,M1045069853,4008.42,4802.75,PAYMENT,0
401854.12,C3318683783,514.58,0.0,M3088889500,5364.81,407218.93,TRANSFER,1
1238.22,C7836372321,2208.04,969.82,M6119701383,3638.16,4876.37,DEBIT,0
833.28,C9540501572,1512.16,678.89,M1265267433,1183.99,2017.26,DEBIT,0
1337.99,C6684143784,1463.57,125.58,M4518584130,3827.72,5165.71,DEBIT,0
221306.21,C2166267963,2685.41,0.0,M2963938918,3266.51,224572.72,CASH_OUT,1
1992.83,C2443139359,2788.84,796.01,M4321646316,3768.67,5761.5,DEBIT,0
452143.99,C8336582395,1183.43,0.0,M2623444331,9076.94,461220.92,TRANSFER,1
238965.36,C2976196758,1045.65,0.0,M8291426703,5796.5,244761.86,TRANSFER,1
210751.06,C7950351321,4031.01,0.0,M7281538775,7482.6,218233.66,TRANSFER,1
278316.37,C6743346789,3622.58,0.0,M9184166687,158.21,278474.58,CASH_OUT,1
1481.73,C3021645402,1568.35,86.62,M1211090720,3345.77,4827.5,DEBIT,0
191.93,C1843077603,817.61,625.68,M1096913836,2752.66,2944.59,PAYMENT,0
48.12,C2006850274,874.98,826.86,M5129578098,2623.68,2671.8,PAYMENT,0
893.79,C6489395620,1643.82,750.03,M9715155151,2658.31,3552.09,DEBIT,0
467471.12,C3864620847,3003.05,0.0,M3478991720,9408.75,476879.87,CASH_OUT,1
493408.59,C2891174659,703.56,0.0,M7937652165,2020.16,495428.75,CASH_OUT,1
151547.95,C8808108899,1675.59,0.0,M8868956365,7435.08,158983.03,TRANSFER,1
451.34,C1364067851,1231.81,780.47,M4670115862,1005.88,1457.22,PAYMENT,0
1462.13,C4532587635,2402.35,940.22,M6039470036,3018.98,4481.11,DEBIT,0
325.31,C2725275028,387.52,62.21,M8900391460,4113.51,4438.83,DEBIT,0
304536.96,C8712870799,2507.58,0.0,M9117511115,7982.95,312519.91,TRANSFER,1
737.54,C1730640153,1091.23,353.7,M9152870403,1512.4,2249.93,DEBIT,0
381872.31,C1403300480,1009.27,0.0,M2905892703,6734.32,388606.63,CASH_OUT,1
110838.4,C9674590716,1109.86,0.0,M4435613422,2310.75,113149.14,TRANSFER,1
329317.75,C7107598381,4190.53,0.0,M9977928884,4043.82,333361.57,CASH_OUT,1
526.56,C8159055025,560.23,33.68,M4856533559,4395.93,4922.49,PAYMENT,0
325.77,C3326353652,584.0,258.23,M8551700541,3027.06,3352.83,PAYMENT,0
234078.9,C9245717066,4014.27,0.0,M6782512001,46.32,234125.22,TRANSFER,1
161745.09,C6740671665,2405.7,0.0,M1272193430,5325.89,167070.98,TRANSFER,1
295066.83,C3174396160,3261.12,0.0,M5599618821,9505.31,304572.14,CASH_OUT,1
441654.4,C7282901286,247.48,0.0,M2883508468,8333.17,449987.57,CASH_OUT,1
984.84,C9661556663,1615.56,630.72,M6131513106,3698.41,4683.26,DEBIT,0
324072.9,C1404379383,3753.65,0.0,M6770989442,5579.81,329652.71,CASH_OUT,1
869.81,C7087613401,1666.2,796.39,M5914782804,2977.07,3846.89,DEBIT,0
1161.89,C6890487265,1731.38,569.48,M3719026366,4342.05,5503.95,PAYMENT,0
370848.26,C7244889408,3028.9,0.0,M1603670380,3645.94,374494.19,CASH_OUT,1
926.05,C9902030914,1143.64,217.59,M1855099723,668.89,1594.95,DEBIT,0
1971.68,C7633986915,2762.96,791.28,M4198999349,3006.92,4978.6,DEBIT,0
458972.16,C9018677126,2632.89,0.0,M2752280071,8007.5,466979.66,TRANSFER,1
1016.8,C6818514845,1178.73,161.92,M1494549070,3290.51,4307.32,PAYMENT,0
114228.35,C9553807075,2542.9,0.0,M3360582916,3875.95,118104.3,TRANSFER,1
989.26,C8794479429,1975.75,986.49,M7087650660,1391.34,2380.6,DEBIT,0
709.78,C4644158518,1619.33,909.55,M6855137122,2844.78,3554.56,PAYMENT,0
829.19,C7895590468,1764.19,934.99,M6356389239,2152.7,2981.9,DEBIT,0
1934.98,C3401473662,2203.58,268.6,M3159438450,2474.13,4409.11,PAYMENT,0
1492.98,C6148083566,1725.2,232.22,M8659589775,2026.63,3519.6,PAYMENT,0
190.96,C7839662398,1114.19,923.22,M4588753149,3446.4,3637.36,PAYMENT,0
561.37,C9465123926,1502.25,940.88,M6055835884,621.73,1183.1,DEBIT,0
492.28,C5952717907,1155.59,663.31,M7873027458,4195.5,4687.78,DEBIT,0
1116.82,C4822148832,1896.34,779.52,M4287210601,81.0,1197.82,DEBIT,0
211.32,C3745350974,834.46,623.14,M2012248789,1780.34,1991.66,DEBIT,0
1162.83,C9809688775,2051.83,889.0,M3113131334,2846.52,4009.36,DEBIT,0
172.52,C7194917094,1096.8,924.29,M9772341453,1629.12,1801.64,PAYMENT,0
1692.83,C9268089320,2328.09,635.26,M5740083632,207.8,1900.63,PAYMENT,0
1160.65,C3324600426,1758.29,597.63,M9817170272,3694.65,4855.31,DEBIT,0
194899.63,C6434002806,1627.0,0.0,M6342894829,7464.91,202364.55,CASH_OUT,1
905.72,C5859379195,1831.55,925.83,M6422331834,3299.97,4205.69,DEBIT,0
935.76,C5571995940,998.95,63.19,M3336590909,2990.94,3926.7,DEBIT,0
731.38,C6068742785,1555.38,824.0,M9090361030,1020.44,1751.82,DEBIT,0
1363.42,C2933827235,1771.57,408.15,M7008810915,76.97,1440.4,DEBIT,0
463850.73,C7161542731,3346.0,0.0,M8618755118,8292.87,472143.6,CASH_OUT,1
410565.18,C9171402512,1704.02,0.0,M3170042429,9307.57,419872.76,TRANSFER,1
451798.63,C4121364131,2300.01,0.0,M8618869212,950.53,452749.16,TRANSFER,1
1999.12,C6028154124,2768.57,769.45,M9720775124,1989.33,3988.45,DEBIT,0
236979.19,C3493089371,1351.24,0.0,M2907153378,9664.17,246643.37,TRANSFER,1
308067.24,C9548450849,2134.09,0.0,M5295987450,8766.65,316833.9,CASH_OUT,1
116427.01,C1791707097,1994.1,0.0,M1347346749,4335.21,120762.21,CASH_OUT,1
360066.94,C9096006274,1823.49,0.0,M3277471402,5606.77,365673.71,TRANSFER,1
160208.6,C4154988130,4083.78,0.0,M4403853463,2073.09,162281.69,TRANSFER,1
1315.08,C1167531317,1852.36,537.28,M7251611732,3385.62,4700.7,DEBIT,0
1117.35,C6866434901,1973.84,856.49,M6660979813,4175.33,5292.68,DEBIT,0
1926.56,C1437621735,2844.1,917.54,M5363344342,3822.84,5749.4,DEBIT,0
1787.3,C6608426305,2476.71,689.42,M4260906568,1418.99,3206.29,DEBIT,0
1936.45,C6907594049,2003.02,66.56,M4452357164,3241.59,5178.04,PAYMENT,0
88.39,C4381736811,662.34,573.95,M9762841391,1964.48,2052.87,PAYMENT,0
188244.78,C5007691259,2991.13,0.0,M8054763820,7356.63,195601.41,TRANSFER,1
1835.91,C2937860011,2613.72,777.81,M2419020553,4111.7,5947.61,DEBIT,0
268047.49,C7931121226,4526.8,0.0,M2870481686,7396.71,275444.2,CASH_OUT,1
244054.56,C2312216906,438.21,0.0,M7215687574,9369.58,253424.14,TRANSFER,1
1681.64,C1708386257,2226.62,544.98,M5830184911,433.91,2115.55,DEBIT,0
317057.85,C1160409267,1432.71,0.0,M8828009797,5908.33,322966.19,CASH_OUT,1
315.83,C3172277770,1178.8,862.96,M9301189425,1330.11,1645.94,PAYMENT,0
480561.34,C6205692936,3008.06,0.0,M4607176828,8191.89,488753.23,CASH_OUT,1
1606.06,C8384055603,1766.65,160.59,M2166300328,2686.7,4292.76,PAYMENT,0
183404.21,C2634764578,4652.98,0.0,M9065838295,1163.66,184567.87,CASH_OUT,1
365515.87,C1224445865,4816.97,0.0,M7093670891,5601.68,371117.56,TRANSFER,1
1978.54,C2917217090,2210.09,231.55,M9890597378,4712.73,6691.27,DEBIT,0
184.02,C5104483206,561.38,377.36,M1185113550,2067.58,2251.6,PAYMENT,0
405923.92,C5923638808,874.19,0.0,M2578548340,5025.66,410949.58,TRANSFER,1
431.16,C8749899376,1426.79,995.63,M8366299091,4905.59,5336.74,DEBIT,0
292356.06,C7003662583,3312.17,0.0,M9560965106,1185.03,293541.08,TRANSFER,1
285839.44,C4251544792,3402.28,0.0,M5091594747,3955.45,289794.89,TRANSFER,1
893.1,C8425439273,1175.47,282.37,M3574287404,404.77,1297.87,PAYMENT,0
314124.05,C5191345876,1076.01,0.0,M4442575697,121.21,314245.26,CASH_OUT,1
297870.08,C1140093021,2563.6,0.0,M9837766754,4815.49,302685.57,TRANSFER,1
1326.09,C2662939511,1718.08,392.0,M2486524686,1843.51,3169.6,PAYMENT,0
473175.23,C5501532219,4954.65,0.0,M4223381220,2050.02,475225.24,TRANSFER,1
299.8,C5964344565,997.23,697.43,M8912161835,3214.03,3513.83,DEBIT,0
920.95,C1090837820,1680.47,759.52,M7094270722,1029.94,1950.89,DEBIT,0
181952.51,C6320589210,4389.15,0.0,M2938058216,8795.82,190748.33,CASH_OUT,1
54.63,C6638338558,415.05,360.43,M1996510498,3918.69,3973.32,PAYMENT,0
1210.39,C7767430743,1290.11,79.72,M8586403515,3415.57,4625.97,DEBIT,0
36.89,C4816688800,399.76,362.87,M2469679392,3005.46,3042.35,PAYMENT,0
1472.5,C6583208697,2003.96,531.45,M7855119795,1439.73,2912.23,PAYMENT,0
1121.94,C4133023034,1493.11,371.17,M9540635443,3928.22,5050.16,DEBIT,0
503.15,C1857574999,539.49,36.34,M2594596476,509.24,1012.38,DEBIT,0
1706.57,C5600059825,2644.53,937.97,M6280085793,425.52,2132.09,PAYMENT,0
181431.31,C4634595863,4202.26,0.0,M3207595442,1741.93,183173.25,TRANSFER,1
232.07,C6978996413,840.39,608.32,M2017620895,1405.25,1637.32,DEBIT,0
353868.51,C3404132376,829.77,0.0,M5636015997,8819.28,362687.79,TRANSFER,1
208922.93,C7771086691,91.95,0.0,M2177058213,9142.99,218065.92,TRANSFER,1
1717.14,C1713759147,2022.04,304.9,M2429062211,963.38,2680.52,DEBIT,0
448733.11,C5384565189,2168.28,0.0,M8100710610,436.62,449169.73,CASH_OUT,1
206.38,C8835171335,786.19,579.81,M3425975500,3139.32,3345.7,DEBIT,0
241.79,C5932170104,496.05,254.26,M6034071195,1477.34,1719.13,DEBIT,0
1192.16,C8613563913,1781.81,589.65,M8365437432,336.88,1529.04,PAYMENT,0
1347.78,C5389740698,1829.06,481.28,M5664902036,4048.38,5396.15,DEBIT,0
396939.22,C2611729007,4075.59,0.0,M3313680264,6149.78,403089.0,CASH_OUT,1
403.14,C7168629707,1208.31,805.17,M3827408909,928.88,1332.02,PAYMENT,0
318246.72,C1297904524,4707.32,0.0,M5373229441,3861.03,322107.74,TRANSFER,1
1267.72,C6182225994,1993.83,726.11,M6640436563,1834.81,3102.53,PAYMENT,0
486167.74,C2197743336,2791.47,0.0,M8168249959,8826.36,494994.1,TRANSFER,1
686.14,C2489863907,1141.76,455.62,M8707236434,3390.57,4076.71,PAYMENT,0
217797.58,C4930987466,4979.16,0.0,M6962567303,6969.25,224766.83,TRANSFER,1
330065.34,C5892818240,2396.77,0.0,M9152971599,3137.28,333202.62,TRANSFER,1
468.49,C5072481594,1153.69,685.2,M7385547106,4909.49,5377.97,DEBIT,0
190692.15,C8741052926,1908.06,0.0,M7352557562,1288.49,191980.64,TRANSFER,1
1444.9,C5922447288,1702.05,257.15,M4534773419,3596.94,5041.84,PAYMENT,0
311080.44,C3246688145,4964.82,0.0,M3988217869,737.97,311818.41,TRANSFER,1
457639.68,C3798887704,1149.77,0.0,M9007357710,2131.05,459770.73,CASH_OUT,1
487843.09,C7405592291,4745.56,0.0,M7538847818,5129.02,492972.11,CASH_OUT,1
115585.25,C8222475721,3091.27,0.0,M6757938685,3365.54,118950.8,CASH_OUT,1
812.03,C5196035041,1446.59,634.56,M6097831649,3105.93,3917.96,PAYMENT,0
1671.45,C5790619239,2427.34,755.89,M8737553081,2417.01,4088.46,PAYMENT,0
1624.82,C9306608442,1680.18,55.36,M4291453667,2690.61,4315.42,PAYMENT,0
1496.69,C3602737173,1715.4,218.71,M4648344531,299.72,1796.4,DEBIT,0
232538.8,C3218662540,2410.21,0.0,M1023647205,1960.98,234499.78,TRANSFER,1
314134.23,C3059789457,1166.08,0.0,M7690452078,3429.27,317563.49,TRANSFER,1
222.53,C6575151888,1175.94,953.4,M6671080333,301.13,523.67,PAYMENT,0
846.3,C1334487700,1408.41,562.11,M8330665615,29.32,875.62,DEBIT,0
198841.29,C6741923683,797.72,0.0,M1782190471,8717.84,207559.13,CASH_OUT,1
194094.23,C1766419605,4346.3,0.0,M6398275016,4728.92,198823.15,TRANSFER,1
436048.6,C4387900181,1960.76,0.0,M9363580739,1794.97,437843.57,TRANSFER,1
297768.12,C2507168490,287.79,0.0,M4270663241,5495.29,303263.41,TRANSFER,1
275804.68,C8087559739,528.32,0.0,M9853429234,6408.26,282212.94,TRANSFER,1
828.18,C2678977559,1532.21,704.03,M9488816131,1087.26,1915.44,PAYMENT,0
463306.35,C9528303775,1197.81,0.0,M6334586783,1448.95,464755.3,CASH_OUT,1
1567.03,C8862464885,2559.54,992.51,M1964896171,1203.35,2770.38,DEBIT,0
1141.94,C7237216353,2009.66,867.72,M1613259639,2160.58,3302.52,PAYMENT,0
815.89,C9944579304,1814.68,998.79,M2887908478,274.83,1090.72,PAYMENT,0
293501.98,C9397676026,1349.56,0.0,M1664311786,5398.43,298900.4,TRANSFER,1
1113.83,C7784872177,1861.62,747.79,M5074826157,4051.29,5165.12,PAYMENT,0
442278.59,C6175368148,4151.1,0.0,M6554027230,3971.84,446250.42,TRANSFER,1
1996.42,C5387934273,2071.38,74.96,M9984116387,1115.05,3111.47,PAYMENT,0
369.76,C6611011617,638.56,268.8,M3384281468,993.22,1362.99,PAYMENT,0
604.0,C1792143135,1276.36,672.36,M3136816773,1643.8,2247.8,DEBIT,0
332.74,C3689763080,819.19,486.44,M1542383372,3692.7,4025.44,PAYMENT,0
199092.4,C1498528205,1779.86,0.0,M9764863472,7578.46,206670.86,TRANSFER,1
116.49,C3380861312,493.02,376.53,M2262501783,1160.28,1276.77,DEBIT,0
444427.21,C7724959389,1097.55,0.0,M7318178006,9745.47,454172.68,CASH_OUT,1
1498.55,C6433482742,2335.08,836.53,M8285091081,3521.68,5020.23,DEBIT,0
140721.47,C1154699641,2529.79,0.0,M1752571792,2208.53,142930.0,TRANSFER,1
223999.97,C8968053340,1160.2,0.0,M7885108779,4582.35,228582.32,TRANSFER,1
198.75,C1716346159,742.88,544.13,M4424895209,3702.55,3901.3,DEBIT,0
450.27,C2651891994,831.26,380.99,M2971922672,4042.03,4492.29,DEBIT,0
1063.24,C4459451345,1647.64,584.4,M5533050144,3984.31,5047.55,DEBIT,0
1645.08,C4211942227,2106.6,461.52,M2992822436,4916.53,6561.61,DEBIT,0
1533.65,C7674921031,1603.45,69.8,M7559047709,2393.51,3927.16,DEBIT,0
367037.35,C4512571210,4039.23,0.0,M1516293975,7622.85,374660.21,TRANSFER,1
125846.67,C5841286141,213.17,0.0,M3637459164,3714.09,129560.76,TRANSFER,1
1700.45,C9858130688,2241.65,541.2,M2908859389,4019.3,5719.74,DEBIT,0
1151.99,C9417238348,1718.01,566.02,M1209142776,4390.17,5542.16,DEBIT,0
1132.92,C1457634124,1543.22,410.29,M3956473476,1664.78,2797.71,DEBIT,0
1816.95,C5744547137,2059.53,242.58,M9851506400,456.54,2273.49,PAYMENT,0
1628.73,C6661892356,2552.99,924.25,M4840839450,2303.35,3932.08,DEBIT,0
139068.85,C2111451555,3421.17,0.0,M8140478823,4401.52,143470.37,TRANSFER,1
410684.22,C9859028051,326.83,0.0,M9188086521,4875.71,415559.93,CASH_OUT,1
1511.59,C4683065907,1760.2,248.6,M5713154922,2691.97,4203.57,DEBIT,0
832.08,C4666418378,1031.43,199.35,M8410051608,2061.83,2893.92,DEBIT,0
226462.44,C9440120535,2536.17,0.0,M9611151658,415.73,226878.17,CASH_OUT,1
1880.46,C6851597978,2384.47,504.0,M5767685495,4746.0,6626.47,PAYMENT,0
19.38,C5926391741,91.77,72.39,M4053267901,1451.84,1471.22,DEBIT,0
1936.36,C5661793945,2851.11,914.75,M9200998088,834.75,2771.12,DEBIT,0
1674.22,C5967614210,1889.68,215.46,M5186562664,602.41,2276.63,DEBIT,0
622.67,C7022505058,1099.87,477.2,M4960784188,3965.32,4587.98,DEBIT,0
1055.64,C3325134840,1165.13,109.49,M2220021496,1014.27,2069.9,PAYMENT,0
165933.7,C2618081546,2056.28,0.0,M4219414297,7776.02,173709.73,CASH_OUT,1
331670.1,C4536087088,426.71,0.0,M8653697589,430.07,332100.17,TRANSFER,1
994.1,C7987776220,1115.79,121.7,M2406262313,2940.47,3934.57,DEBIT,0
566.74,C3978133997,1131.69,564.95,M5254778153,440.71,1007.45,PAYMENT,0
422786.2,C9778483421,2298.32,0.0,M7208554076,5465.77,428251.97,TRANSFER,1
410.12,C5700100497,924.32,514.2,M8507623175,3681.14,4091.26,PAYMENT,0
296911.14,C7506090999,1236.16,0.0,M2679682426,8707.5,305618.64,TRANSFER,1
313.06,C2444432287,577.03,263.98,M6706312161,2137.54,2450.6,PAYMENT,0
851.18,C3799752133,1052.06,200.88,M8642821346,1528.51,2379.69,DEBIT,0
247.09,C4086870811,759.48,512.39,M5770006120,1744.16,1991.25,PAYMENT,0
335.1,C9809623045,519.56,184.46,M7492734028,1011.47,1346.57,PAYMENT,0
129877.77,C2915376331,4262.07,0.0,M2647602123,9901.48,139779.25,TRANSFER,1
234.56,C2634157267,830.99,596.43,M2699852185,2423.45,2658.01,PAYMENT,0
423209.05,C1289414437,1080.26,0.0,M8953597546,4666.08,427875.13,CASH_OUT,1
549.48,C1664983817,1147.15,597.67,M5057611342,4330.48,4879.96,PAYMENT,0
1756.17,C1920868856,2494.89,738.72,M6458071620,68.73,1824.89,PAYMENT,0
163.52,C7859474080,1074.69,911.17,M6893555805,1774.3,1937.82,DEBIT,0
1039.09,C3673940978,1156.16,117.06,M3593270155,2640.89,3679.98,PAYMENT,0
496.98,C4690772552,628.55,131.57,M5767489795,1511.38,2008.37,DEBIT,0
594.61,C3806260741,636.11,41.5,M6564793883,3185.47,3780.09,PAYMENT,0
323361.7,C7410776002,2121.11,0.0,M1048763532,9063.54,332425.24,TRANSFER,1
815.4,C7287034306,903.05,87.65,M2374506878,329.06,1144.46,DEBIT,0
158785.08,C2482589232,4055.62,0.0,M6542674647,6359.55,165144.63,TRANSFER,1
899.93,C5802728686,1729.75,829.82,M2724419129,3273.63,4173.56,PAYMENT,0
1066.91,C9263830570,1812.63,745.72,M3413186620,4129.7,5196.61,PAYMENT,0
146.2,C7860404445,1043.59,897.4,M2690651698,596.91,743.1,DEBIT,0
158829.39,C5209207841,4632.94,0.0,M7410745908,4921.16,163750.56,CASH_OUT,1
327777.41,C8753768738,4437.3,0.0,M7885680415,5567.22,333344.62,CASH_OUT,1
268542.8,C2523090573,3687.91,0.0,M6567600963,2387.77,270930.57,TRANSFER,1
1503.69,C6076922470,1739.69,236.0,M8923345263,717.72,2221.41,DEBIT,0
1775.22,C4509448273,2050.24,275.02,M9926237707,1118.06,2893.28,PAYMENT,0
462777.12,C2969098286,661.86,0.0,M4203444469,5930.15,468707.27,CASH_OUT,1
941.28,C8187827839,1351.99,410.71,M1589964202,4088.12,5029.4,PAYMENT,0
1362.6,C6125765772,1419.28,56.68,M6410920668,173.36,1535.96,PAYMENT,0
1005.12,C4264198963,1680.01,674.89,M7058835767,1195.33,2200.45,DEBIT,0
1349.45,C8178053561,2173.8,824.35,M5263106345,1984.96,3334.41,DEBIT,0
627.64,C4756995372,1389.77,762.13,M8462211208,4680.88,5308.52,DEBIT,0
465938.36,C5351207579,1811.97,0.0,M8144838612,5805.88,471744.24,CASH_OUT,1
1568.02,C6937205285,2010.67,442.65,M2615725786,2426.33,3994.35,PAYMENT,0
300878.0,C6176035359,2976.93,0.0,M6113964828,670.76,301548.77,TRANSFER,1
246.56,C2339961168,1011.28,764.72,M5363952496,3355.28,3601.84,PAYMENT,0
571.02,C9783042510,934.83,363.81,M4286338591,953.63,1524.65,PAYMENT,0
1303.73,C9156245905,2045.75,742.02,M3678958885,157.57,1461.29,PAYMENT,0
484454.19,C7620295235,1947.41,0.0,M1662047908,3855.12,488309.31,CASH_OUT,1
1348.8,C4739495038,1569.31,220.5,M8699136113,1091.04,2439.84,DEBIT,0
402220.46,C8765817900,1143.99,0.0,M8015415736,769.8,402990.25,TRANSFER,1
581.1,C6971403746,830.99,249.89,M5420053003,1781.25,2362.35,DEBIT,0
759.59,C5763177191,1098.83,339.24,M6656225499,312.16,1071.74,PAYMENT,0
251610.85,C5770628229,4867.29,0.0,M2092304599,3368.41,254979.26,TRANSFER,1
174528.35,C2629105582,4187.45,0.0,M4196527924,3321.46,177849.82,CASH_OUT,1
1895.9,C6986132739,2114.67,218.77,M3612247976,1631.1,3527.0,PAYMENT,0
1223.53,C6574769783,1464.33,240.8,M1385514128,1934.04,3157.56,PAYMENT,0
1883.97,C3785883112,2051.32,167.36,M6477321161,2501.8,4385.76,PAYMENT,0
933.33,C8334174588,1066.62,133.28,M8627334725,4638.73,5572.06,PAYMENT,0
1501.6,C8159435534,2201.13,699.53,M1051187343,1534.66,3036.25,DEBIT,0
447.07,C8483088149,447.3,0.23,M6015725494,4575.01,5022.08,DEBIT,0
318.02,C2093772547,619.2,301.18,M5237283698,1244.88,1562.91,PAYMENT,0
1724.41,C3511130329,2593.05,868.64,M5868992177,3621.72,5346.13,PAYMENT,0
441584.79,C3192290828,2195.75,0.0,M4978783006,8469.69,450054.48,CASH_OUT,1
1405.75,C7846787160,1519.19,113.44,M7061807627,4984.55,6390.3,DEBIT,0
474484.9,C9934025222,259.86,0.0,M8805234489,5412.96,479897.86,CASH_OUT,1
700.45,C4478832203,1132.26,431.81,M1963717552,3908.9,4609.35,DEBIT,0
195672.04,C5728955762,711.25,0.0,M3187951363,1213.85,196885.89,CASH_OUT,1
472036.14,C7294145784,529.17,0.0,M9612032937,6989.91,479026.05,CASH_OUT,1
335948.34,C6798542612,4894.46,0.0,M8065665120,4867.42,340815.76,CASH_OUT,1
842.48,C5210651704,1593.42,750.94,M7522771100,506.86,1349.35,PAYMENT,0
888.59,C9179562545,1019.27,130.67,M5298178665,1455.0,2343.59,DEBIT,0
106254.56,C4055190407,2117.01,0.0,M3602578298,3948.82,110203.38,CASH_OUT,1
209664.27,C2388870279,397.1,0.0,M1973481850,856.58,210520.85,TRANSFER,1
1143.26,C4284119142,1486.43,343.17,M4812248762,2807.92,3951.18,PAYMENT,0
1657.67,C7022862904,2035.67,377.99,M6939437910,4905.91,6563.58,PAYMENT,0
428744.02,C9532552018,3531.21,0.0,M2591895872,813.49,429557.51,TRANSFER,1
1686.68,C7879191597,2048.87,362.18,M7070259639,3302.35,4989.03,PAYMENT,0
462356.44,C2297339971,3849.72,0.0,M8438703255,5566.37,467922.81,TRANSFER,1
792.28,C6299185762,892.52,100.25,M9691758602,82.96,875.24,DEBIT,0
577.95,C1750695795,1163.76,585.81,M4081902685,547.41,1125.37,PAYMENT,0
1452.33,C4202449289,1957.68,505.35,M7414447764,3399.86,4852.18,PAYMENT,0
1703.2,C1143553139,1989.33,286.14,M3490191325,3202.24,4905.43,PAYMENT,0
87.24,C4586112045,281.37,194.13,M4618658145,2683.04,2770.28,DEBIT,0
1764.42,C8475668554,2348.91,584.5,M8312784019,4168.96,5933.37,DEBIT,0
140.94,C4828164211,846.92,705.99,M1623736710,1191.05,1331.99,PAYMENT,0
467754.96,C5355913093,880.48,0.0,M8294190864,2139.57,469894.53,CASH_OUT,1
218747.71,C2633890194,3245.37,0.0,M3561885600,3283.81,222031.52,TRANSFER,1
781.37,C6971241106,1104.57,323.19,M2240555818,4675.79,5457.17,PAYMENT,0
1479.71,C6602743691,1543.5,63.79,M9516691971,1936.12,3415.82,PAYMENT,0
596.46,C7267843361,1167.67,571.21,M8808093744,3726.99,4323.44,DEBIT,0
388206.42,C8514544490,311.71,0.0,M9720811515,1477.39,389683.82,TRANSFER,1
1175.7,C6432992145,1762.47,586.77,M7221829611,2228.65,3404.35,DEBIT,0
1339.33,C9648611094,1472.65,133.33,M4847115392,4259.23,5598.56,PAYMENT,0
233.61,C7991113326,565.59,331.99,M3780810678,3908.16,4141.77,PAYMENT,0
321926.24,C7231612896,455.01,0.0,M4420820252,7263.97,329190.21,TRANSFER,1
390250.88,C6648513530,3098.67,0.0,M2186430290,8960.75,399211.63,TRANSFER,1
137.12,C8523798270,454.51,317.39,M4696540132,1101.6,1238.72,DEBIT,0
772.96,C1812589745,941.24,168.28,M3195216360,4182.21,4955.17,PAYMENT,0
1678.32,C5287382477,2332.55,654.23,M6116210229,1377.15,3055.47,DEBIT,0
312992.48,C2385247118,3607.11,0.0,M1098328226,1412.78,314405.26,TRANSFER,1
386221.33,C5488673230,2945.54,0.0,M1470159758,2772.66,388993.98,TRANSFER,1
116669.16,C9895979927,423.96,0.0,M9641940119,7163.23,123832.39,TRANSFER,1
298.42,C4253116049,553.18,254.77,M8548612864,4572.63,4871.05,PAYMENT,0
1060.86,C1862055076,1262.94,202.08,M6132471914,550.37,1611.22,PAYMENT,0
954.7,C9962517146,1213.09,258.39,M7895331576,4092.97,5047.66,DEBIT,0
476271.7,C4616077148,1296.48,0.0,M2967897673,4296.57,480568.27,TRANSFER,1
463809.8,C2899658692,4286.8,0.0,M2377579577,9645.2,473455.01,TRANSFER,1
173146.4,C8430462300,4673.07,0.0,M9794873794,6382.71,179529.1,TRANSFER,1
297684.98,C5727201981,4141.25,0.0,M2030251476,3352.08,301037.06,CASH_OUT,1
107347.05,C8627023271,2411.78,0.0,M7589520096,2103.5,109450.55,TRANSFER,1
1681.24,C8665527422,1808.73,127.49,M2322361951,4001.03,5682.27,DEBIT,0
136514.67,C8008687470,1596.57,0.0,M2259330658,9500.62,146015.29,CASH_OUT,1
655.42,C3931454607,1331.9,676.48,M7766116155,2971.21,3626.62,DEBIT,0
1883.15,C7709360634,2764.78,881.64,M5836724410,2575.96,4459.11,DEBIT,0
891.47,C7186360188,1452.91,561.44,M3356991551,4245.22,5136.69,DEBIT,0
661.83,C3991991343,1208.51,546.69,M3129031412,2877.05,3538.88,PAYMENT,0
983.67,C9233782060,1269.76,286.09,M7800763822,3613.84,4597.51,PAYMENT,0
1781.86,C1298045321,2358.75,576.88,M5680985421,2819.6,4601.46,DEBIT,0
431.31,C7844823306,575.55,144.24,M4241959246,3794.88,4226.2,DEBIT,0
1242.15,C4650547541,1428.79,186.64,M5759015151,128.45,1370.6,DEBIT,0
1410.55,C3886458719,1783.81,373.26,M3258105786,2818.3,4228.85,PAYMENT,0
435306.14,C4161956738,3546.91,0.0,M4891523339,9488.46,444794.6,TRANSFER,1
449880.67,C6801263091,2644.69,0.0,M4295048637,9390.68,459271.35,TRANSFER,1
617.15,C1151007823,786.01,168.86,M6826376203,2303.36,2920.51,PAYMENT,0
1239.45,C4823468661,2009.42,769.97,M6456105663,519.8,1759.25,PAYMENT,0
1428.79,C5775490900,1440.28,11.49,M4378087920,2043.89,3472.68,DEBIT,0
1569.68,C6722855620,1855.44,285.76,M9832968129,2163.83,3733.52,PAYMENT,0
203269.3,C8393328580,3373.04,0.0,M9598970541,2967.28,206236.58,CASH_OUT,1
164.93,C5351784615,1120.38,955.45,M7493047631,1234.81,1399.74,PAYMENT,0
273540.66,C7983015161,1992.52,0.0,M1699798019,6158.5,279699.16,TRANSFER,1
1965.65,C3557079095,2215.62,249.97,M7078004316,366.82,2332.47,DEBIT,0
1530.07,C8048148075,2044.16,514.08,M8672236048,3896.83,5426.9,PAYMENT,0
1030.67,C4185158988,1900.27,869.61,M5860415166,2013.88,3044.54,DEBIT,0
470.88,C8783881687,1319.81,848.92,M2472482115,1986.36,2457.24,DEBIT,0
312.44,C9861605911,442.76,130.32,M2087490711,1728.14,2040.58,DEBIT,0
1386.64,C8244229478,2060.93,674.29,M6341284846,4899.78,6286.41,PAYMENT,0
1688.22,C1787878226,2173.31,485.09,M4790565804,1668.14,3356.36,PAYMENT,0
1892.48,C6024626699,2734.65,842.17,M1545222096,1483.06,3375.54,PAYMENT,0
232.75,C5237791011,842.26,609.51,M6372460651,2842.16,3074.91,PAYMENT,0
241340.89,C2329410976,2918.28,0.0,M4495222995,777.35,242118.24,TRANSFER,1
169392.03,C9551822894,3187.77,0.0,M8504251003,4961.66,174353.69,TRANSFER,1
1461.54,C6961665748,2021.25,559.72,M6989551507,1795.0,3256.54,PAYMENT,0
298624.48,C1229717603,1948.09,0.0,M4638452114,2976.35,301600.83,TRANSFER,1
39.89,C7125148928,352.61,312.71,M3572183310,2940.72,2980.61,PAYMENT,0
1219.65,C3817504373,1623.01,403.36,M2465225206,3382.36,4602.01,DEBIT,0
488810.1,C9270549354,1142.43,0.0,M6993344562,9774.52,498584.62,TRANSFER,1
224565.32,C8573592537,4897.55,0.0,M2995758845,1753.3,226318.63,CASH_OUT,1
893.4,C9831209020,915.31,21.91,M4283247926,1505.23,2398.63,DEBIT,0
1102.26,C2352564435,1482.24,379.98,M7202377559,3035.68,4137.93,DEBIT,0
453162.51,C7630479911,2580.4,0.0,M4152119072,9065.14,462227.64,TRANSFER,1
1919.89,C9626952918,2771.48,851.58,M9675717671,4318.95,6238.84,PAYMENT,0
484054.24,C7343237639,2607.3,0.0,M8380176223,9773.08,493827.32,TRANSFER,1
250927.22,C2664938912,4820.39,0.0,M4023043191,892.9,251820.12,CASH_OUT,1
1412.06,C7369607000,1834.79,422.73,M6529605755,1732.62,3144.68,DEBIT,0
660.61,C3716121218,966.36,305.74,M3484606426,2013.52,2674.13,PAYMENT,0
389.94,C8138102246,1084.58,694.64,M4500139470,1093.58,1483.52,DEBIT,0
1357.53,C1304476999,1982.56,625.03,M6358014963,1582.75,2940.28,DEBIT,0
228312.03,C7494390210,932.59,0.0,M3967554976,407.75,228719.78,CASH_OUT,1
321127.99,C3626431383,1482.55,0.0,M1350444347,4197.81,325325.8,CASH_OUT,1
335.82,C4504503426,635.24,299.42,M6919820472,500.77,836.6,DEBIT,0
247103.74,C4304139349,2070.65,0.0,M1047378941,8275.38,255379.12,TRANSFER,1
387.97,C1089911341,1089.71,701.74,M2356235351,2782.32,3170.3,PAYMENT,0
117269.49,C6211991646,824.07,0.0,M7623858346,1317.29,118586.78,TRANSFER,1
408449.13,C3315393494,3273.25,0.0,M2213209847,1515.95,409965.08,TRANSFER,1
1709.97,C1434495248,2491.61,781.64,M5180696654,517.56,2227.54,PAYMENT,0
682.62,C7226860731,1589.48,906.87,M8543491813,2936.85,3619.47,PAYMENT,0
164.19,C9303000369,182.22,18.03,M8032590102,511.66,675.85,DEBIT,0
1528.16,C3011462835,1573.61,45.45,M8617351019,3233.0,4761.16,PAYMENT,0
1837.86,C4652887860,1884.85,46.99,M8476976554,1694.07,3531.92,PAYMENT,0
1348.97,C7003866817,2073.22,724.25,M4461653006,2463.0,3811.96,DEBIT,0
262080.83,C4533857662,2857.37,0.0,M4196364710,7409.74,269490.57,CASH_OUT,1
302735.37,C1976492182,796.52,0.0,M6762448108,631.09,303366.46,CASH_OUT,1
210576.68,C7217407291,1561.75,0.0,M6020190570,6426.75,217003.42,TRANSFER,1
1319.32,C6608775500,2046.8,727.48,M7370014788,3932.53,5251.85,DEBIT,0
559.1,C9426245804,1464.06,904.96,M6689566108,4089.25,4648.35,PAYMENT,0
382234.35,C4822937655,3442.03,0.0,M2485532352,3745.53,385979.87,CASH_OUT,1
1749.6,C9587649185,2457.54,707.94,M7888785835,3568.26,5317.86,DEBIT,0
1336.26,C6361766762,2123.65,787.39,M7131501049,2271.73,3607.99,PAYMENT,0
658.95,C1568172385,729.87,70.92,M9209893235,1748.98,2407.93,DEBIT,0
1383.44,C7478337503,2029.04,645.6,M2142924966,4460.29,5843.73,PAYMENT,0
189.93,C7022662609,1137.79,947.86,M5824616172,1292.79,1482.72,DEBIT,0
1416.14,C6204408848,1951.49,535.35,M5473196948,3176.62,4592.76,PAYMENT,0
897.31,C8032159204,1605.9,708.58,M5598606918,3659.36,4556.68,PAYMENT,0
1820.03,C1908090341,2089.66,269.63,M2138899651,4098.39,5918.42,PAYMENT,0
1028.07,C1211954764,1186.99,158.92,M7740240923,267.29,1295.36,PAYMENT,0
1923.21,C1202114192,2559.13,635.91,M1083528761,3829.34,5752.56,PAYMENT,0
195017.65,C7955658057,1866.26,0.0,M7285659053,2272.7,197290.35,CASH_OUT,1
193824.52,C6902559658,4816.73,0.0,M5370197917,2553.07,196377.58,TRANSFER,1
1626.03,C3824869330,2451.25,825.21,M8050483299,3975.29,5601.32,DEBIT,0
104841.25,C1953808599,45.19,0.0,M6676529403,3570.29,108411.54,CASH_OUT,1
341112.75,C5039553413,1354.79,0.0,M7084418418,1331.85,342444.6,TRANSFER,1
771.77,C2167999359,1593.6,821.83,M8268626213,3297.55,4069.32,DEBIT,0
439678.26,C5054703980,1248.34,0.0,M5464304174,4894.25,444572.51,TRANSFER,1
125941.44,C8752368721,2899.92,0.0,M9920897389,5614.85,131556.28,CASH_OUT,1
113578.39,C3036734545,3487.1,0.0,M9748881168,2973.49,116551.88,CASH_OUT,1
973.2,C6691738735,1487.3,514.1,M5322365066,1542.34,2515.54,DEBIT,0
199432.1,C8219731926,669.02,0.0,M6109700471,4185.81,203617.91,CASH_OUT,1
1781.98,C9384394296,2044.7,262.72,M4537530898,2361.24,4143.22,PAYMENT,0
1864.16,C4778507783,2861.11,996.95,M9801336815,3600.79,5464.95,PAYMENT,0
652.23,C3375597852,1206.58,554.36,M8783589374,741.09,1393.31,DEBIT,0
979.9,C8857149407,1671.31,691.42,M1817491074,1308.76,2288.65,PAYMENT,0
416203.92,C4767075373,624.1,0.0,M9349597195,7942.11,424146.02,CASH_OUT,1
571.7,C9876382646,869.78,298.08,M5501522186,1389.23,1960.93,PAYMENT,0
331470.16,C9213538037,2193.08,0.0,M1904787211,7252.58,338722.74,CASH_OUT,1
153540.85,C3294999748,68.36,0.0,M9216984322,753.59,154294.44,CASH_OUT,1
232625.88,C9886319939,4275.15,0.0,M9335606030,2070.76,234696.64,TRANSFER,1
1998.68,C7213888573,2174.01,175.33,M4949801825,50.57,2049.25,PAYMENT,0
329339.74,C4167820788,3294.13,0.0,M3255887560,2523.07,331862.81,TRANSFER,1
490.79,C9970375670,1172.07,681.28,M5570251973,3579.92,4070.71,DEBIT,0
1645.46,C4916230936,2291.77,646.31,M8844286673,3236.71,4882.17,PAYMENT,0
375.32,C6028411384,628.09,252.77,M3186625319,2033.18,2408.51,PAYMENT,0
298350.29,C4655905872,405.23,0.0,M7421605415,2201.83,300552.13,TRANSFER,1
1885.89,C1424073081,1968.63,82.73,M1324961972,1269.69,3155.58,DEBIT,0
1177.63,C6071817459,1280.53,102.91,M8450745246,3650.65,4828.28,DEBIT,0
398417.95,C4730604855,2916.84,0.0,M1960336805,9621.73,408039.68,TRANSFER,1
190458.82,C8147632661,4234.59,0.0,M5713995081,4286.31,194745.13,TRANSFER,1
236499.13,C8379282417,1900.98,0.0,M9668242924,3988.23,240487.36,TRANSFER,1
1534.95,C4724390112,2032.89,497.95,M8185515388,1550.17,3085.12,DEBIT,0
109834.77,C6470184877,110.62,0.0,M9577584412,3236.1,113070.87,TRANSFER,1
398175.79,C2559426565,2158.3,0.0,M7896750308,1275.8,399451.59,TRANSFER,1
1254.18,C9342421818,2191.82,937.64,M1103256346,3398.52,4652.7,DEBIT,0
220385.43,C6780523712,3540.86,0.0,M7961779161,673.51,221058.93,CASH_OUT,1
634.27,C7856773857,1269.91,635.65,M8792719587,1779.79,2414.06,PAYMENT,0
867.66,C6762767408,1378.18,510.52,M1787798529,702.96,1570.62,PAYMENT,0
1864.08,C6901058009,2484.45,620.37,M1652346142,4018.78,5882.86,PAYMENT,0
151971.97,C2814127698,2824.92,0.0,M2620549829,8665.48,160637.45,CASH_OUT,1
1505.33,C6478517571,2446.67,941.33,M2426670112,3383.09,4888.42,DEBIT,0
1174.01,C5013304275,1440.24,266.23,M9016346272,156.71,1330.73,DEBIT,0
43.15,C2212528698,382.1,338.94,M3513830723,3978.3,4021.46,DEBIT,0
1562.58,C2851061777,2560.2,997.62,M2307785466,955.66,2518.24,DEBIT,0
139989.97,C5537253172,2296.24,0.0,M8395928407,3337.09,143327.05,CASH_OUT,1
511.48,C3561491000,1432.23,920.76,M3247497336,2907.94,3419.42,PAYMENT,0
256362.4,C7031503170,2972.38,0.0,M7134070645,4967.67,261330.07,CASH_OUT,1
431.67,C6444303998,742.67,311.0,M2781276808,834.66,1266.33,PAYMENT,0
1208.49,C8131313233,1530.81,322.32,M3135583123,3884.47,5092.96,DEBIT,0
1713.29,C8596784295,2147.97,434.68,M6435657371,964.2,2677.49,DEBIT,0
1498.73,C1539514958,1707.01,208.28,M2335764902,1026.1,2524.83,PAYMENT,0
1457.05,C4403932353,2437.82,980.76,M1802760719,778.46,2235.52,PAYMENT,0
1296.35,C8039292581,1754.71,458.36,M5644780404,2643.54,3939.89,PAYMENT,0
434785.55,C1955958439,4334.34,0.0,M6998572936,8384.81,443170.36,CASH_OUT,1
1108.35,C7719026994,1350.19,241.84,M3259507231,2129.99,3238.34,PAYMENT,0
110.64,C1971002231,536.76,426.12,M5704539343,4161.82,4272.46,PAYMENT,0
